time,open,high,low,close,volume,ticker,llm_text
2025-03-27 11:00:00,4.3,4.3,4.3,4.3,1000,VC9,"At 2025-03-27 11:00:00, the stock VC9 opened at 4.30 VND, reached a high of 4.30 VND, a low of 4.30 VND, and closed the hour at 4.30 VND with a trading volume of 1,000 shares."
2025-03-27 14:00:00,4.4,4.4,4.4,4.4,100,VC9,"At 2025-03-27 14:00:00, the stock VC9 opened at 4.40 VND, reached a high of 4.40 VND, a low of 4.40 VND, and closed the hour at 4.40 VND with a trading volume of 100 shares."
2025-03-28 09:00:00,4.3,4.3,4.3,4.3,6500,VC9,"At 2025-03-28 09:00:00, the stock VC9 opened at 4.30 VND, reached a high of 4.30 VND, a low of 4.30 VND, and closed the hour at 4.30 VND with a trading volume of 6,500 shares."
2025-03-28 10:00:00,4.3,4.3,4.3,4.3,1000,VC9,"At 2025-03-28 10:00:00, the stock VC9 opened at 4.30 VND, reached a high of 4.30 VND, a low of 4.30 VND, and closed the hour at 4.30 VND with a trading volume of 1,000 shares."
2025-03-28 14:00:00,4.3,4.4,4.3,4.4,2000,VC9,"At 2025-03-28 14:00:00, the stock VC9 opened at 4.30 VND, reached a high of 4.40 VND, a low of 4.30 VND, and closed the hour at 4.40 VND with a trading volume of 2,000 shares."
2025-03-31 14:00:00,4.4,4.4,4.4,4.4,3000,VC9,"At 2025-03-31 14:00:00, the stock VC9 opened at 4.40 VND, reached a high of 4.40 VND, a low of 4.40 VND, and closed the hour at 4.40 VND with a trading volume of 3,000 shares."
2025-04-01 13:00:00,4.4,4.4,4.4,4.4,3300,VC9,"At 2025-04-01 13:00:00, the stock VC9 opened at 4.40 VND, reached a high of 4.40 VND, a low of 4.40 VND, and closed the hour at 4.40 VND with a trading volume of 3,300 shares."
2025-04-01 14:00:00,4.5,4.5,4.5,4.5,100,VC9,"At 2025-04-01 14:00:00, the stock VC9 opened at 4.50 VND, reached a high of 4.50 VND, a low of 4.50 VND, and closed the hour at 4.50 VND with a trading volume of 100 shares."
2025-04-02 13:00:00,4.4,4.4,4.4,4.4,2000,VC9,"At 2025-04-02 13:00:00, the stock VC9 opened at 4.40 VND, reached a high of 4.40 VND, a low of 4.40 VND, and closed the hour at 4.40 VND with a trading volume of 2,000 shares."
2025-04-03 09:00:00,4.3,4.3,4.2,4.2,13900,VC9,"At 2025-04-03 09:00:00, the stock VC9 opened at 4.30 VND, reached a high of 4.30 VND, a low of 4.20 VND, and closed the hour at 4.20 VND with a trading volume of 13,900 shares."
2025-04-03 13:00:00,4.1,4.1,4.1,4.1,8900,VC9,"At 2025-04-03 13:00:00, the stock VC9 opened at 4.10 VND, reached a high of 4.10 VND, a low of 4.10 VND, and closed the hour at 4.10 VND with a trading volume of 8,900 shares."
2025-04-03 14:00:00,4.3,4.3,4.3,4.3,1400,VC9,"At 2025-04-03 14:00:00, the stock VC9 opened at 4.30 VND, reached a high of 4.30 VND, a low of 4.30 VND, and closed the hour at 4.30 VND with a trading volume of 1,400 shares."
2025-04-04 09:00:00,4.3,4.3,4.3,4.3,100,VC9,"At 2025-04-04 09:00:00, the stock VC9 opened at 4.30 VND, reached a high of 4.30 VND, a low of 4.30 VND, and closed the hour at 4.30 VND with a trading volume of 100 shares."
2025-04-04 10:00:00,4.2,4.2,4.2,4.2,300,VC9,"At 2025-04-04 10:00:00, the stock VC9 opened at 4.20 VND, reached a high of 4.20 VND, a low of 4.20 VND, and closed the hour at 4.20 VND with a trading volume of 300 shares."
2025-04-04 14:00:00,4.2,4.3,4.0,4.3,2100,VC9,"At 2025-04-04 14:00:00, the stock VC9 opened at 4.20 VND, reached a high of 4.30 VND, a low of 4.00 VND, and closed the hour at 4.30 VND with a trading volume of 2,100 shares."
2025-04-08 13:00:00,4.0,4.0,4.0,4.0,100,VC9,"At 2025-04-08 13:00:00, the stock VC9 opened at 4.00 VND, reached a high of 4.00 VND, a low of 4.00 VND, and closed the hour at 4.00 VND with a trading volume of 100 shares."
2025-04-08 14:00:00,4.2,4.2,3.9,3.9,18700,VC9,"At 2025-04-08 14:00:00, the stock VC9 opened at 4.20 VND, reached a high of 4.20 VND, a low of 3.90 VND, and closed the hour at 3.90 VND with a trading volume of 18,700 shares."
2025-04-09 09:00:00,3.7,4.0,3.7,4.0,5600,VC9,"At 2025-04-09 09:00:00, the stock VC9 opened at 3.70 VND, reached a high of 4.00 VND, a low of 3.70 VND, and closed the hour at 4.00 VND with a trading volume of 5,600 shares."
2025-04-09 10:00:00,4.0,4.0,4.0,4.0,100,VC9,"At 2025-04-09 10:00:00, the stock VC9 opened at 4.00 VND, reached a high of 4.00 VND, a low of 4.00 VND, and closed the hour at 4.00 VND with a trading volume of 100 shares."
2025-04-09 13:00:00,4.0,4.0,4.0,4.0,1000,VC9,"At 2025-04-09 13:00:00, the stock VC9 opened at 4.00 VND, reached a high of 4.00 VND, a low of 4.00 VND, and closed the hour at 4.00 VND with a trading volume of 1,000 shares."
2025-04-10 09:00:00,4.0,4.3,4.0,4.3,1100,VC9,"At 2025-04-10 09:00:00, the stock VC9 opened at 4.00 VND, reached a high of 4.30 VND, a low of 4.00 VND, and closed the hour at 4.30 VND with a trading volume of 1,100 shares."
2025-04-10 10:00:00,4.3,4.3,4.2,4.2,13000,VC9,"At 2025-04-10 10:00:00, the stock VC9 opened at 4.30 VND, reached a high of 4.30 VND, a low of 4.20 VND, and closed the hour at 4.20 VND with a trading volume of 13,000 shares."
2025-04-10 11:00:00,4.2,4.2,4.2,4.2,7800,VC9,"At 2025-04-10 11:00:00, the stock VC9 opened at 4.20 VND, reached a high of 4.20 VND, a low of 4.20 VND, and closed the hour at 4.20 VND with a trading volume of 7,800 shares."
2025-04-10 13:00:00,4.2,4.2,4.2,4.2,17700,VC9,"At 2025-04-10 13:00:00, the stock VC9 opened at 4.20 VND, reached a high of 4.20 VND, a low of 4.20 VND, and closed the hour at 4.20 VND with a trading volume of 17,700 shares."
2025-04-10 14:00:00,4.2,4.2,4.2,4.2,2400,VC9,"At 2025-04-10 14:00:00, the stock VC9 opened at 4.20 VND, reached a high of 4.20 VND, a low of 4.20 VND, and closed the hour at 4.20 VND with a trading volume of 2,400 shares."
2025-04-11 09:00:00,4.3,4.3,4.2,4.2,600,VC9,"At 2025-04-11 09:00:00, the stock VC9 opened at 4.30 VND, reached a high of 4.30 VND, a low of 4.20 VND, and closed the hour at 4.20 VND with a trading volume of 600 shares."
2025-04-11 10:00:00,4.1,4.1,4.1,4.1,2200,VC9,"At 2025-04-11 10:00:00, the stock VC9 opened at 4.10 VND, reached a high of 4.10 VND, a low of 4.10 VND, and closed the hour at 4.10 VND with a trading volume of 2,200 shares."
2025-04-11 13:00:00,4.2,4.2,4.2,4.2,100,VC9,"At 2025-04-11 13:00:00, the stock VC9 opened at 4.20 VND, reached a high of 4.20 VND, a low of 4.20 VND, and closed the hour at 4.20 VND with a trading volume of 100 shares."
2025-04-11 14:00:00,4.2,4.2,4.2,4.2,1100,VC9,"At 2025-04-11 14:00:00, the stock VC9 opened at 4.20 VND, reached a high of 4.20 VND, a low of 4.20 VND, and closed the hour at 4.20 VND with a trading volume of 1,100 shares."
2025-04-14 13:00:00,4.2,4.2,4.2,4.2,100,VC9,"At 2025-04-14 13:00:00, the stock VC9 opened at 4.20 VND, reached a high of 4.20 VND, a low of 4.20 VND, and closed the hour at 4.20 VND with a trading volume of 100 shares."
2025-04-14 14:00:00,4.2,4.2,4.1,4.1,2600,VC9,"At 2025-04-14 14:00:00, the stock VC9 opened at 4.20 VND, reached a high of 4.20 VND, a low of 4.10 VND, and closed the hour at 4.10 VND with a trading volume of 2,600 shares."
2025-04-15 11:00:00,4.1,4.1,4.1,4.1,900,VC9,"At 2025-04-15 11:00:00, the stock VC9 opened at 4.10 VND, reached a high of 4.10 VND, a low of 4.10 VND, and closed the hour at 4.10 VND with a trading volume of 900 shares."
2025-04-15 13:00:00,4.2,4.2,4.2,4.2,100,VC9,"At 2025-04-15 13:00:00, the stock VC9 opened at 4.20 VND, reached a high of 4.20 VND, a low of 4.20 VND, and closed the hour at 4.20 VND with a trading volume of 100 shares."
2025-04-15 14:00:00,4.2,4.2,4.2,4.2,1200,VC9,"At 2025-04-15 14:00:00, the stock VC9 opened at 4.20 VND, reached a high of 4.20 VND, a low of 4.20 VND, and closed the hour at 4.20 VND with a trading volume of 1,200 shares."
2025-04-16 09:00:00,3.9,3.9,3.9,3.9,1000,VC9,"At 2025-04-16 09:00:00, the stock VC9 opened at 3.90 VND, reached a high of 3.90 VND, a low of 3.90 VND, and closed the hour at 3.90 VND with a trading volume of 1,000 shares."
2025-04-16 10:00:00,4.1,4.1,4.1,4.1,600,VC9,"At 2025-04-16 10:00:00, the stock VC9 opened at 4.10 VND, reached a high of 4.10 VND, a low of 4.10 VND, and closed the hour at 4.10 VND with a trading volume of 600 shares."
2025-04-16 11:00:00,4.1,4.1,4.1,4.1,6800,VC9,"At 2025-04-16 11:00:00, the stock VC9 opened at 4.10 VND, reached a high of 4.10 VND, a low of 4.10 VND, and closed the hour at 4.10 VND with a trading volume of 6,800 shares."
2025-04-16 13:00:00,4.0,4.0,4.0,4.0,12000,VC9,"At 2025-04-16 13:00:00, the stock VC9 opened at 4.00 VND, reached a high of 4.00 VND, a low of 4.00 VND, and closed the hour at 4.00 VND with a trading volume of 12,000 shares."
2025-04-16 14:00:00,4.1,4.1,4.1,4.1,2800,VC9,"At 2025-04-16 14:00:00, the stock VC9 opened at 4.10 VND, reached a high of 4.10 VND, a low of 4.10 VND, and closed the hour at 4.10 VND with a trading volume of 2,800 shares."
2025-04-17 14:00:00,4.3,4.4,4.3,4.4,1700,VC9,"At 2025-04-17 14:00:00, the stock VC9 opened at 4.30 VND, reached a high of 4.40 VND, a low of 4.30 VND, and closed the hour at 4.40 VND with a trading volume of 1,700 shares."
2025-04-18 10:00:00,4.2,4.2,4.2,4.2,4500,VC9,"At 2025-04-18 10:00:00, the stock VC9 opened at 4.20 VND, reached a high of 4.20 VND, a low of 4.20 VND, and closed the hour at 4.20 VND with a trading volume of 4,500 shares."
2025-04-18 11:00:00,4.2,4.2,4.2,4.2,2100,VC9,"At 2025-04-18 11:00:00, the stock VC9 opened at 4.20 VND, reached a high of 4.20 VND, a low of 4.20 VND, and closed the hour at 4.20 VND with a trading volume of 2,100 shares."
2025-04-18 13:00:00,4.2,4.2,4.2,4.2,8400,VC9,"At 2025-04-18 13:00:00, the stock VC9 opened at 4.20 VND, reached a high of 4.20 VND, a low of 4.20 VND, and closed the hour at 4.20 VND with a trading volume of 8,400 shares."
2025-04-18 14:00:00,4.2,4.2,4.0,4.0,21000,VC9,"At 2025-04-18 14:00:00, the stock VC9 opened at 4.20 VND, reached a high of 4.20 VND, a low of 4.00 VND, and closed the hour at 4.00 VND with a trading volume of 21,000 shares."
2025-04-21 13:00:00,4.0,4.0,4.0,4.0,200,VC9,"At 2025-04-21 13:00:00, the stock VC9 opened at 4.00 VND, reached a high of 4.00 VND, a low of 4.00 VND, and closed the hour at 4.00 VND with a trading volume of 200 shares."
2025-04-21 14:00:00,4.2,4.2,4.2,4.2,1100,VC9,"At 2025-04-21 14:00:00, the stock VC9 opened at 4.20 VND, reached a high of 4.20 VND, a low of 4.20 VND, and closed the hour at 4.20 VND with a trading volume of 1,100 shares."
2025-04-22 13:00:00,4.1,4.1,4.0,4.0,4600,VC9,"At 2025-04-22 13:00:00, the stock VC9 opened at 4.10 VND, reached a high of 4.10 VND, a low of 4.00 VND, and closed the hour at 4.00 VND with a trading volume of 4,600 shares."
2025-04-22 14:00:00,4.1,4.1,4.1,4.1,500,VC9,"At 2025-04-22 14:00:00, the stock VC9 opened at 4.10 VND, reached a high of 4.10 VND, a low of 4.10 VND, and closed the hour at 4.10 VND with a trading volume of 500 shares."
2025-04-23 09:00:00,4.1,4.1,4.1,4.1,300,VC9,"At 2025-04-23 09:00:00, the stock VC9 opened at 4.10 VND, reached a high of 4.10 VND, a low of 4.10 VND, and closed the hour at 4.10 VND with a trading volume of 300 shares."
2025-04-23 10:00:00,4.1,4.2,4.1,4.2,10000,VC9,"At 2025-04-23 10:00:00, the stock VC9 opened at 4.10 VND, reached a high of 4.20 VND, a low of 4.10 VND, and closed the hour at 4.20 VND with a trading volume of 10,000 shares."
2025-04-23 14:00:00,4.2,4.2,4.2,4.2,1100,VC9,"At 2025-04-23 14:00:00, the stock VC9 opened at 4.20 VND, reached a high of 4.20 VND, a low of 4.20 VND, and closed the hour at 4.20 VND with a trading volume of 1,100 shares."
2025-04-24 09:00:00,4.2,4.2,4.2,4.2,1000,VC9,"At 2025-04-24 09:00:00, the stock VC9 opened at 4.20 VND, reached a high of 4.20 VND, a low of 4.20 VND, and closed the hour at 4.20 VND with a trading volume of 1,000 shares."
2025-04-24 10:00:00,4.1,4.1,4.1,4.1,5900,VC9,"At 2025-04-24 10:00:00, the stock VC9 opened at 4.10 VND, reached a high of 4.10 VND, a low of 4.10 VND, and closed the hour at 4.10 VND with a trading volume of 5,900 shares."
2025-04-24 13:00:00,4.1,4.2,4.1,4.2,5500,VC9,"At 2025-04-24 13:00:00, the stock VC9 opened at 4.10 VND, reached a high of 4.20 VND, a low of 4.10 VND, and closed the hour at 4.20 VND with a trading volume of 5,500 shares."
2025-04-24 14:00:00,4.0,4.0,4.0,4.0,1000,VC9,"At 2025-04-24 14:00:00, the stock VC9 opened at 4.00 VND, reached a high of 4.00 VND, a low of 4.00 VND, and closed the hour at 4.00 VND with a trading volume of 1,000 shares."
2025-04-25 09:00:00,4.0,4.0,4.0,4.0,200,VC9,"At 2025-04-25 09:00:00, the stock VC9 opened at 4.00 VND, reached a high of 4.00 VND, a low of 4.00 VND, and closed the hour at 4.00 VND with a trading volume of 200 shares."
2025-04-25 10:00:00,4.0,4.0,4.0,4.0,8000,VC9,"At 2025-04-25 10:00:00, the stock VC9 opened at 4.00 VND, reached a high of 4.00 VND, a low of 4.00 VND, and closed the hour at 4.00 VND with a trading volume of 8,000 shares."
2025-04-25 14:00:00,4.1,4.1,4.1,4.1,100,VC9,"At 2025-04-25 14:00:00, the stock VC9 opened at 4.10 VND, reached a high of 4.10 VND, a low of 4.10 VND, and closed the hour at 4.10 VND with a trading volume of 100 shares."
2025-04-28 09:00:00,4.1,4.1,4.1,4.1,100,VC9,"At 2025-04-28 09:00:00, the stock VC9 opened at 4.10 VND, reached a high of 4.10 VND, a low of 4.10 VND, and closed the hour at 4.10 VND with a trading volume of 100 shares."
2025-04-28 10:00:00,4.1,4.1,4.1,4.1,200,VC9,"At 2025-04-28 10:00:00, the stock VC9 opened at 4.10 VND, reached a high of 4.10 VND, a low of 4.10 VND, and closed the hour at 4.10 VND with a trading volume of 200 shares."
2025-04-28 13:00:00,4.1,4.1,4.1,4.1,100,VC9,"At 2025-04-28 13:00:00, the stock VC9 opened at 4.10 VND, reached a high of 4.10 VND, a low of 4.10 VND, and closed the hour at 4.10 VND with a trading volume of 100 shares."
2025-04-28 14:00:00,4.1,4.2,4.1,4.2,3700,VC9,"At 2025-04-28 14:00:00, the stock VC9 opened at 4.10 VND, reached a high of 4.20 VND, a low of 4.10 VND, and closed the hour at 4.20 VND with a trading volume of 3,700 shares."
2025-04-29 13:00:00,4.0,4.0,4.0,4.0,5200,VC9,"At 2025-04-29 13:00:00, the stock VC9 opened at 4.00 VND, reached a high of 4.00 VND, a low of 4.00 VND, and closed the hour at 4.00 VND with a trading volume of 5,200 shares."
2025-04-29 14:00:00,4.0,4.1,4.0,4.1,3100,VC9,"At 2025-04-29 14:00:00, the stock VC9 opened at 4.00 VND, reached a high of 4.10 VND, a low of 4.00 VND, and closed the hour at 4.10 VND with a trading volume of 3,100 shares."
2025-05-05 09:00:00,4.2,4.2,4.2,4.2,400,VC9,"At 2025-05-05 09:00:00, the stock VC9 opened at 4.20 VND, reached a high of 4.20 VND, a low of 4.20 VND, and closed the hour at 4.20 VND with a trading volume of 400 shares."
2025-05-05 14:00:00,4.1,4.1,4.1,4.1,200,VC9,"At 2025-05-05 14:00:00, the stock VC9 opened at 4.10 VND, reached a high of 4.10 VND, a low of 4.10 VND, and closed the hour at 4.10 VND with a trading volume of 200 shares."
2025-05-06 09:00:00,4.1,4.1,4.1,4.1,500,VC9,"At 2025-05-06 09:00:00, the stock VC9 opened at 4.10 VND, reached a high of 4.10 VND, a low of 4.10 VND, and closed the hour at 4.10 VND with a trading volume of 500 shares."
2025-05-06 10:00:00,4.1,4.2,4.1,4.2,8100,VC9,"At 2025-05-06 10:00:00, the stock VC9 opened at 4.10 VND, reached a high of 4.20 VND, a low of 4.10 VND, and closed the hour at 4.20 VND with a trading volume of 8,100 shares."
2025-05-06 13:00:00,4.0,4.0,4.0,4.0,4800,VC9,"At 2025-05-06 13:00:00, the stock VC9 opened at 4.00 VND, reached a high of 4.00 VND, a low of 4.00 VND, and closed the hour at 4.00 VND with a trading volume of 4,800 shares."
2025-05-06 14:00:00,4.1,4.1,4.1,4.1,100,VC9,"At 2025-05-06 14:00:00, the stock VC9 opened at 4.10 VND, reached a high of 4.10 VND, a low of 4.10 VND, and closed the hour at 4.10 VND with a trading volume of 100 shares."
2025-05-07 10:00:00,4.1,4.1,4.1,4.1,6000,VC9,"At 2025-05-07 10:00:00, the stock VC9 opened at 4.10 VND, reached a high of 4.10 VND, a low of 4.10 VND, and closed the hour at 4.10 VND with a trading volume of 6,000 shares."
2025-05-07 14:00:00,4.2,4.2,4.2,4.2,100,VC9,"At 2025-05-07 14:00:00, the stock VC9 opened at 4.20 VND, reached a high of 4.20 VND, a low of 4.20 VND, and closed the hour at 4.20 VND with a trading volume of 100 shares."
2025-05-08 09:00:00,4.0,4.0,4.0,4.0,8000,VC9,"At 2025-05-08 09:00:00, the stock VC9 opened at 4.00 VND, reached a high of 4.00 VND, a low of 4.00 VND, and closed the hour at 4.00 VND with a trading volume of 8,000 shares."
2025-05-08 10:00:00,4.0,4.1,4.0,4.1,6300,VC9,"At 2025-05-08 10:00:00, the stock VC9 opened at 4.00 VND, reached a high of 4.10 VND, a low of 4.00 VND, and closed the hour at 4.10 VND with a trading volume of 6,300 shares."
2025-05-08 13:00:00,4.1,4.1,4.1,4.1,500,VC9,"At 2025-05-08 13:00:00, the stock VC9 opened at 4.10 VND, reached a high of 4.10 VND, a low of 4.10 VND, and closed the hour at 4.10 VND with a trading volume of 500 shares."
2025-05-08 14:00:00,4.2,4.2,4.2,4.2,200,VC9,"At 2025-05-08 14:00:00, the stock VC9 opened at 4.20 VND, reached a high of 4.20 VND, a low of 4.20 VND, and closed the hour at 4.20 VND with a trading volume of 200 shares."
2025-05-09 13:00:00,4.1,4.1,4.1,4.1,3000,VC9,"At 2025-05-09 13:00:00, the stock VC9 opened at 4.10 VND, reached a high of 4.10 VND, a low of 4.10 VND, and closed the hour at 4.10 VND with a trading volume of 3,000 shares."
2025-05-09 14:00:00,4.1,4.2,4.1,4.2,2200,VC9,"At 2025-05-09 14:00:00, the stock VC9 opened at 4.10 VND, reached a high of 4.20 VND, a low of 4.10 VND, and closed the hour at 4.20 VND with a trading volume of 2,200 shares."
2025-05-12 09:00:00,4.2,4.2,4.2,4.2,100,VC9,"At 2025-05-12 09:00:00, the stock VC9 opened at 4.20 VND, reached a high of 4.20 VND, a low of 4.20 VND, and closed the hour at 4.20 VND with a trading volume of 100 shares."
2025-05-12 10:00:00,4.1,4.1,4.1,4.1,1000,VC9,"At 2025-05-12 10:00:00, the stock VC9 opened at 4.10 VND, reached a high of 4.10 VND, a low of 4.10 VND, and closed the hour at 4.10 VND with a trading volume of 1,000 shares."
2025-05-12 13:00:00,4.1,4.1,4.1,4.1,8200,VC9,"At 2025-05-12 13:00:00, the stock VC9 opened at 4.10 VND, reached a high of 4.10 VND, a low of 4.10 VND, and closed the hour at 4.10 VND with a trading volume of 8,200 shares."
2025-05-12 14:00:00,4.1,4.2,4.1,4.2,4000,VC9,"At 2025-05-12 14:00:00, the stock VC9 opened at 4.10 VND, reached a high of 4.20 VND, a low of 4.10 VND, and closed the hour at 4.20 VND with a trading volume of 4,000 shares."
2025-05-13 10:00:00,4.1,4.1,4.0,4.0,2500,VC9,"At 2025-05-13 10:00:00, the stock VC9 opened at 4.10 VND, reached a high of 4.10 VND, a low of 4.00 VND, and closed the hour at 4.00 VND with a trading volume of 2,500 shares."
2025-05-13 11:00:00,4.1,4.1,4.1,4.1,7100,VC9,"At 2025-05-13 11:00:00, the stock VC9 opened at 4.10 VND, reached a high of 4.10 VND, a low of 4.10 VND, and closed the hour at 4.10 VND with a trading volume of 7,100 shares."
2025-05-13 14:00:00,4.2,4.2,4.2,4.2,100,VC9,"At 2025-05-13 14:00:00, the stock VC9 opened at 4.20 VND, reached a high of 4.20 VND, a low of 4.20 VND, and closed the hour at 4.20 VND with a trading volume of 100 shares."
2025-05-14 14:00:00,4.2,4.2,4.2,4.2,400,VC9,"At 2025-05-14 14:00:00, the stock VC9 opened at 4.20 VND, reached a high of 4.20 VND, a low of 4.20 VND, and closed the hour at 4.20 VND with a trading volume of 400 shares."
2025-05-15 14:00:00,4.2,4.2,4.2,4.2,300,VC9,"At 2025-05-15 14:00:00, the stock VC9 opened at 4.20 VND, reached a high of 4.20 VND, a low of 4.20 VND, and closed the hour at 4.20 VND with a trading volume of 300 shares."
2025-05-16 09:00:00,4.1,4.1,4.1,4.1,100,VC9,"At 2025-05-16 09:00:00, the stock VC9 opened at 4.10 VND, reached a high of 4.10 VND, a low of 4.10 VND, and closed the hour at 4.10 VND with a trading volume of 100 shares."
2025-05-16 10:00:00,4.1,4.1,4.1,4.1,3000,VC9,"At 2025-05-16 10:00:00, the stock VC9 opened at 4.10 VND, reached a high of 4.10 VND, a low of 4.10 VND, and closed the hour at 4.10 VND with a trading volume of 3,000 shares."
2025-05-16 13:00:00,4.1,4.1,4.1,4.1,1100,VC9,"At 2025-05-16 13:00:00, the stock VC9 opened at 4.10 VND, reached a high of 4.10 VND, a low of 4.10 VND, and closed the hour at 4.10 VND with a trading volume of 1,100 shares."
2025-05-19 09:00:00,4.1,4.1,4.1,4.1,100,VC9,"At 2025-05-19 09:00:00, the stock VC9 opened at 4.10 VND, reached a high of 4.10 VND, a low of 4.10 VND, and closed the hour at 4.10 VND with a trading volume of 100 shares."
2025-05-19 14:00:00,4.1,4.1,4.1,4.1,300,VC9,"At 2025-05-19 14:00:00, the stock VC9 opened at 4.10 VND, reached a high of 4.10 VND, a low of 4.10 VND, and closed the hour at 4.10 VND with a trading volume of 300 shares."
2025-05-20 13:00:00,4.0,4.0,4.0,4.0,200,VC9,"At 2025-05-20 13:00:00, the stock VC9 opened at 4.00 VND, reached a high of 4.00 VND, a low of 4.00 VND, and closed the hour at 4.00 VND with a trading volume of 200 shares."
2025-05-20 14:00:00,4.0,4.1,4.0,4.1,11100,VC9,"At 2025-05-20 14:00:00, the stock VC9 opened at 4.00 VND, reached a high of 4.10 VND, a low of 4.00 VND, and closed the hour at 4.10 VND with a trading volume of 11,100 shares."
2025-05-21 10:00:00,4.0,4.0,4.0,4.0,1800,VC9,"At 2025-05-21 10:00:00, the stock VC9 opened at 4.00 VND, reached a high of 4.00 VND, a low of 4.00 VND, and closed the hour at 4.00 VND with a trading volume of 1,800 shares."
2025-05-21 14:00:00,4.0,4.1,4.0,4.1,12800,VC9,"At 2025-05-21 14:00:00, the stock VC9 opened at 4.00 VND, reached a high of 4.10 VND, a low of 4.00 VND, and closed the hour at 4.10 VND with a trading volume of 12,800 shares."
2025-05-23 09:00:00,4.0,4.0,4.0,4.0,100,VC9,"At 2025-05-23 09:00:00, the stock VC9 opened at 4.00 VND, reached a high of 4.00 VND, a low of 4.00 VND, and closed the hour at 4.00 VND with a trading volume of 100 shares."
2025-05-23 10:00:00,4.1,4.1,4.1,4.1,100,VC9,"At 2025-05-23 10:00:00, the stock VC9 opened at 4.10 VND, reached a high of 4.10 VND, a low of 4.10 VND, and closed the hour at 4.10 VND with a trading volume of 100 shares."
2025-05-23 14:00:00,4.1,4.1,4.1,4.1,1700,VC9,"At 2025-05-23 14:00:00, the stock VC9 opened at 4.10 VND, reached a high of 4.10 VND, a low of 4.10 VND, and closed the hour at 4.10 VND with a trading volume of 1,700 shares."
2025-05-26 09:00:00,4.0,4.0,4.0,4.0,1200,VC9,"At 2025-05-26 09:00:00, the stock VC9 opened at 4.00 VND, reached a high of 4.00 VND, a low of 4.00 VND, and closed the hour at 4.00 VND with a trading volume of 1,200 shares."
2025-05-26 14:00:00,4.1,4.1,4.1,4.1,100,VC9,"At 2025-05-26 14:00:00, the stock VC9 opened at 4.10 VND, reached a high of 4.10 VND, a low of 4.10 VND, and closed the hour at 4.10 VND with a trading volume of 100 shares."
2025-05-27 09:00:00,4.0,4.0,4.0,4.0,2800,VC9,"At 2025-05-27 09:00:00, the stock VC9 opened at 4.00 VND, reached a high of 4.00 VND, a low of 4.00 VND, and closed the hour at 4.00 VND with a trading volume of 2,800 shares."
2025-05-27 10:00:00,4.0,4.0,4.0,4.0,2300,VC9,"At 2025-05-27 10:00:00, the stock VC9 opened at 4.00 VND, reached a high of 4.00 VND, a low of 4.00 VND, and closed the hour at 4.00 VND with a trading volume of 2,300 shares."
2025-05-27 13:00:00,4.0,4.0,4.0,4.0,2300,VC9,"At 2025-05-27 13:00:00, the stock VC9 opened at 4.00 VND, reached a high of 4.00 VND, a low of 4.00 VND, and closed the hour at 4.00 VND with a trading volume of 2,300 shares."
2025-05-27 14:00:00,4.0,4.1,4.0,4.1,1500,VC9,"At 2025-05-27 14:00:00, the stock VC9 opened at 4.00 VND, reached a high of 4.10 VND, a low of 4.00 VND, and closed the hour at 4.10 VND with a trading volume of 1,500 shares."
2025-05-29 09:00:00,4.0,4.0,4.0,4.0,1000,VC9,"At 2025-05-29 09:00:00, the stock VC9 opened at 4.00 VND, reached a high of 4.00 VND, a low of 4.00 VND, and closed the hour at 4.00 VND with a trading volume of 1,000 shares."
2025-05-29 10:00:00,4.0,4.1,4.0,4.1,2400,VC9,"At 2025-05-29 10:00:00, the stock VC9 opened at 4.00 VND, reached a high of 4.10 VND, a low of 4.00 VND, and closed the hour at 4.10 VND with a trading volume of 2,400 shares."
2025-05-29 14:00:00,4.1,4.1,4.1,4.1,600,VC9,"At 2025-05-29 14:00:00, the stock VC9 opened at 4.10 VND, reached a high of 4.10 VND, a low of 4.10 VND, and closed the hour at 4.10 VND with a trading volume of 600 shares."
2025-05-30 13:00:00,4.1,4.1,4.1,4.1,800,VC9,"At 2025-05-30 13:00:00, the stock VC9 opened at 4.10 VND, reached a high of 4.10 VND, a low of 4.10 VND, and closed the hour at 4.10 VND with a trading volume of 800 shares."
2025-05-30 14:00:00,4.1,4.1,4.1,4.1,1000,VC9,"At 2025-05-30 14:00:00, the stock VC9 opened at 4.10 VND, reached a high of 4.10 VND, a low of 4.10 VND, and closed the hour at 4.10 VND with a trading volume of 1,000 shares."
2025-06-03 13:00:00,4.0,4.0,4.0,4.0,21100,VC9,"At 2025-06-03 13:00:00, the stock VC9 opened at 4.00 VND, reached a high of 4.00 VND, a low of 4.00 VND, and closed the hour at 4.00 VND with a trading volume of 21,100 shares."
2025-06-03 14:00:00,4.0,4.1,4.0,4.1,9700,VC9,"At 2025-06-03 14:00:00, the stock VC9 opened at 4.00 VND, reached a high of 4.10 VND, a low of 4.00 VND, and closed the hour at 4.10 VND with a trading volume of 9,700 shares."
2025-06-04 14:00:00,4.3,4.3,4.3,4.3,2500,VC9,"At 2025-06-04 14:00:00, the stock VC9 opened at 4.30 VND, reached a high of 4.30 VND, a low of 4.30 VND, and closed the hour at 4.30 VND with a trading volume of 2,500 shares."
2025-06-05 09:00:00,4.1,4.1,4.1,4.1,500,VC9,"At 2025-06-05 09:00:00, the stock VC9 opened at 4.10 VND, reached a high of 4.10 VND, a low of 4.10 VND, and closed the hour at 4.10 VND with a trading volume of 500 shares."
2025-06-05 13:00:00,4.1,4.1,4.1,4.1,4000,VC9,"At 2025-06-05 13:00:00, the stock VC9 opened at 4.10 VND, reached a high of 4.10 VND, a low of 4.10 VND, and closed the hour at 4.10 VND with a trading volume of 4,000 shares."
2025-06-05 14:00:00,4.1,4.1,4.1,4.1,3700,VC9,"At 2025-06-05 14:00:00, the stock VC9 opened at 4.10 VND, reached a high of 4.10 VND, a low of 4.10 VND, and closed the hour at 4.10 VND with a trading volume of 3,700 shares."
2025-06-06 09:00:00,4.1,4.1,4.1,4.1,1400,VC9,"At 2025-06-06 09:00:00, the stock VC9 opened at 4.10 VND, reached a high of 4.10 VND, a low of 4.10 VND, and closed the hour at 4.10 VND with a trading volume of 1,400 shares."
2025-06-06 10:00:00,4.1,4.1,4.1,4.1,8000,VC9,"At 2025-06-06 10:00:00, the stock VC9 opened at 4.10 VND, reached a high of 4.10 VND, a low of 4.10 VND, and closed the hour at 4.10 VND with a trading volume of 8,000 shares."
2025-06-06 13:00:00,4.1,4.1,4.1,4.1,200,VC9,"At 2025-06-06 13:00:00, the stock VC9 opened at 4.10 VND, reached a high of 4.10 VND, a low of 4.10 VND, and closed the hour at 4.10 VND with a trading volume of 200 shares."
2025-06-06 14:00:00,4.1,4.1,4.1,4.1,7400,VC9,"At 2025-06-06 14:00:00, the stock VC9 opened at 4.10 VND, reached a high of 4.10 VND, a low of 4.10 VND, and closed the hour at 4.10 VND with a trading volume of 7,400 shares."
2025-06-09 09:00:00,4.0,4.0,4.0,4.0,9000,VC9,"At 2025-06-09 09:00:00, the stock VC9 opened at 4.00 VND, reached a high of 4.00 VND, a low of 4.00 VND, and closed the hour at 4.00 VND with a trading volume of 9,000 shares."
2025-06-09 10:00:00,4.0,4.1,4.0,4.1,10500,VC9,"At 2025-06-09 10:00:00, the stock VC9 opened at 4.00 VND, reached a high of 4.10 VND, a low of 4.00 VND, and closed the hour at 4.10 VND with a trading volume of 10,500 shares."
2025-06-10 13:00:00,4.0,4.0,4.0,4.0,11000,VC9,"At 2025-06-10 13:00:00, the stock VC9 opened at 4.00 VND, reached a high of 4.00 VND, a low of 4.00 VND, and closed the hour at 4.00 VND with a trading volume of 11,000 shares."
2025-06-10 14:00:00,4.1,4.1,4.1,4.1,100,VC9,"At 2025-06-10 14:00:00, the stock VC9 opened at 4.10 VND, reached a high of 4.10 VND, a low of 4.10 VND, and closed the hour at 4.10 VND with a trading volume of 100 shares."
2025-06-11 11:00:00,4.1,4.1,4.1,4.1,6200,VC9,"At 2025-06-11 11:00:00, the stock VC9 opened at 4.10 VND, reached a high of 4.10 VND, a low of 4.10 VND, and closed the hour at 4.10 VND with a trading volume of 6,200 shares."
2025-06-11 13:00:00,4.1,4.2,4.1,4.2,3100,VC9,"At 2025-06-11 13:00:00, the stock VC9 opened at 4.10 VND, reached a high of 4.20 VND, a low of 4.10 VND, and closed the hour at 4.20 VND with a trading volume of 3,100 shares."
2025-06-11 14:00:00,4.1,4.2,4.1,4.2,2800,VC9,"At 2025-06-11 14:00:00, the stock VC9 opened at 4.10 VND, reached a high of 4.20 VND, a low of 4.10 VND, and closed the hour at 4.20 VND with a trading volume of 2,800 shares."
2025-06-13 09:00:00,4.0,4.0,4.0,4.0,4000,VC9,"At 2025-06-13 09:00:00, the stock VC9 opened at 4.00 VND, reached a high of 4.00 VND, a low of 4.00 VND, and closed the hour at 4.00 VND with a trading volume of 4,000 shares."
2025-06-13 10:00:00,4.0,4.0,4.0,4.0,9700,VC9,"At 2025-06-13 10:00:00, the stock VC9 opened at 4.00 VND, reached a high of 4.00 VND, a low of 4.00 VND, and closed the hour at 4.00 VND with a trading volume of 9,700 shares."
2025-06-13 13:00:00,4.0,4.0,4.0,4.0,13300,VC9,"At 2025-06-13 13:00:00, the stock VC9 opened at 4.00 VND, reached a high of 4.00 VND, a low of 4.00 VND, and closed the hour at 4.00 VND with a trading volume of 13,300 shares."
2025-06-13 14:00:00,4.1,4.1,4.1,4.1,400,VC9,"At 2025-06-13 14:00:00, the stock VC9 opened at 4.10 VND, reached a high of 4.10 VND, a low of 4.10 VND, and closed the hour at 4.10 VND with a trading volume of 400 shares."
2025-06-16 09:00:00,4.0,4.0,4.0,4.0,29000,VC9,"At 2025-06-16 09:00:00, the stock VC9 opened at 4.00 VND, reached a high of 4.00 VND, a low of 4.00 VND, and closed the hour at 4.00 VND with a trading volume of 29,000 shares."
2025-06-16 10:00:00,4.0,4.0,4.0,4.0,8300,VC9,"At 2025-06-16 10:00:00, the stock VC9 opened at 4.00 VND, reached a high of 4.00 VND, a low of 4.00 VND, and closed the hour at 4.00 VND with a trading volume of 8,300 shares."
2025-06-16 14:00:00,4.0,4.0,4.0,4.0,2200,VC9,"At 2025-06-16 14:00:00, the stock VC9 opened at 4.00 VND, reached a high of 4.00 VND, a low of 4.00 VND, and closed the hour at 4.00 VND with a trading volume of 2,200 shares."
2025-06-17 09:00:00,4.0,4.0,4.0,4.0,1300,VC9,"At 2025-06-17 09:00:00, the stock VC9 opened at 4.00 VND, reached a high of 4.00 VND, a low of 4.00 VND, and closed the hour at 4.00 VND with a trading volume of 1,300 shares."
2025-06-17 13:00:00,4.0,4.0,4.0,4.0,1800,VC9,"At 2025-06-17 13:00:00, the stock VC9 opened at 4.00 VND, reached a high of 4.00 VND, a low of 4.00 VND, and closed the hour at 4.00 VND with a trading volume of 1,800 shares."
2025-06-17 14:00:00,4.1,4.1,4.1,4.1,300,VC9,"At 2025-06-17 14:00:00, the stock VC9 opened at 4.10 VND, reached a high of 4.10 VND, a low of 4.10 VND, and closed the hour at 4.10 VND with a trading volume of 300 shares."
2025-06-18 14:00:00,4.0,4.1,4.0,4.1,3100,VC9,"At 2025-06-18 14:00:00, the stock VC9 opened at 4.00 VND, reached a high of 4.10 VND, a low of 4.00 VND, and closed the hour at 4.10 VND with a trading volume of 3,100 shares."
2025-06-19 10:00:00,4.0,4.0,4.0,4.0,3100,VC9,"At 2025-06-19 10:00:00, the stock VC9 opened at 4.00 VND, reached a high of 4.00 VND, a low of 4.00 VND, and closed the hour at 4.00 VND with a trading volume of 3,100 shares."
2025-06-19 11:00:00,4.0,4.0,4.0,4.0,6900,VC9,"At 2025-06-19 11:00:00, the stock VC9 opened at 4.00 VND, reached a high of 4.00 VND, a low of 4.00 VND, and closed the hour at 4.00 VND with a trading volume of 6,900 shares."
2025-06-19 14:00:00,4.0,4.0,4.0,4.0,2500,VC9,"At 2025-06-19 14:00:00, the stock VC9 opened at 4.00 VND, reached a high of 4.00 VND, a low of 4.00 VND, and closed the hour at 4.00 VND with a trading volume of 2,500 shares."
2025-06-20 11:00:00,4.0,4.0,4.0,4.0,500,VC9,"At 2025-06-20 11:00:00, the stock VC9 opened at 4.00 VND, reached a high of 4.00 VND, a low of 4.00 VND, and closed the hour at 4.00 VND with a trading volume of 500 shares."
2025-06-20 13:00:00,4.0,4.1,4.0,4.1,600,VC9,"At 2025-06-20 13:00:00, the stock VC9 opened at 4.00 VND, reached a high of 4.10 VND, a low of 4.00 VND, and closed the hour at 4.10 VND with a trading volume of 600 shares."
2025-06-20 14:00:00,4.1,4.1,4.1,4.1,200,VC9,"At 2025-06-20 14:00:00, the stock VC9 opened at 4.10 VND, reached a high of 4.10 VND, a low of 4.10 VND, and closed the hour at 4.10 VND with a trading volume of 200 shares."
2025-06-23 10:00:00,4.0,4.0,4.0,4.0,100,VC9,"At 2025-06-23 10:00:00, the stock VC9 opened at 4.00 VND, reached a high of 4.00 VND, a low of 4.00 VND, and closed the hour at 4.00 VND with a trading volume of 100 shares."
2025-06-23 11:00:00,4.0,4.0,4.0,4.0,400,VC9,"At 2025-06-23 11:00:00, the stock VC9 opened at 4.00 VND, reached a high of 4.00 VND, a low of 4.00 VND, and closed the hour at 4.00 VND with a trading volume of 400 shares."
2025-06-23 14:00:00,4.0,4.1,4.0,4.1,1200,VC9,"At 2025-06-23 14:00:00, the stock VC9 opened at 4.00 VND, reached a high of 4.10 VND, a low of 4.00 VND, and closed the hour at 4.10 VND with a trading volume of 1,200 shares."
2025-06-24 09:00:00,4.0,4.0,4.0,4.0,100,VC9,"At 2025-06-24 09:00:00, the stock VC9 opened at 4.00 VND, reached a high of 4.00 VND, a low of 4.00 VND, and closed the hour at 4.00 VND with a trading volume of 100 shares."
2025-06-24 10:00:00,4.0,4.0,4.0,4.0,3600,VC9,"At 2025-06-24 10:00:00, the stock VC9 opened at 4.00 VND, reached a high of 4.00 VND, a low of 4.00 VND, and closed the hour at 4.00 VND with a trading volume of 3,600 shares."
2025-06-24 13:00:00,4.0,4.0,4.0,4.0,3300,VC9,"At 2025-06-24 13:00:00, the stock VC9 opened at 4.00 VND, reached a high of 4.00 VND, a low of 4.00 VND, and closed the hour at 4.00 VND with a trading volume of 3,300 shares."
2025-06-24 14:00:00,4.1,4.1,4.1,4.1,200,VC9,"At 2025-06-24 14:00:00, the stock VC9 opened at 4.10 VND, reached a high of 4.10 VND, a low of 4.10 VND, and closed the hour at 4.10 VND with a trading volume of 200 shares."
2025-06-25 13:00:00,4.1,4.1,4.1,4.1,100,VC9,"At 2025-06-25 13:00:00, the stock VC9 opened at 4.10 VND, reached a high of 4.10 VND, a low of 4.10 VND, and closed the hour at 4.10 VND with a trading volume of 100 shares."
2025-06-25 14:00:00,4.1,4.1,4.1,4.1,200,VC9,"At 2025-06-25 14:00:00, the stock VC9 opened at 4.10 VND, reached a high of 4.10 VND, a low of 4.10 VND, and closed the hour at 4.10 VND with a trading volume of 200 shares."
2025-06-26 09:00:00,4.0,4.0,4.0,4.0,800,VC9,"At 2025-06-26 09:00:00, the stock VC9 opened at 4.00 VND, reached a high of 4.00 VND, a low of 4.00 VND, and closed the hour at 4.00 VND with a trading volume of 800 shares."
2025-06-26 10:00:00,4.1,4.1,4.1,4.1,300,VC9,"At 2025-06-26 10:00:00, the stock VC9 opened at 4.10 VND, reached a high of 4.10 VND, a low of 4.10 VND, and closed the hour at 4.10 VND with a trading volume of 300 shares."
2025-06-26 14:00:00,4.1,4.1,4.1,4.1,300,VC9,"At 2025-06-26 14:00:00, the stock VC9 opened at 4.10 VND, reached a high of 4.10 VND, a low of 4.10 VND, and closed the hour at 4.10 VND with a trading volume of 300 shares."
2025-06-27 14:00:00,4.1,4.1,4.1,4.1,300,VC9,"At 2025-06-27 14:00:00, the stock VC9 opened at 4.10 VND, reached a high of 4.10 VND, a low of 4.10 VND, and closed the hour at 4.10 VND with a trading volume of 300 shares."
2025-06-30 09:00:00,4.0,4.0,4.0,4.0,800,VC9,"At 2025-06-30 09:00:00, the stock VC9 opened at 4.00 VND, reached a high of 4.00 VND, a low of 4.00 VND, and closed the hour at 4.00 VND with a trading volume of 800 shares."
2025-06-30 11:00:00,4.0,4.0,4.0,4.0,1000,VC9,"At 2025-06-30 11:00:00, the stock VC9 opened at 4.00 VND, reached a high of 4.00 VND, a low of 4.00 VND, and closed the hour at 4.00 VND with a trading volume of 1,000 shares."
2025-06-30 13:00:00,4.0,4.1,4.0,4.1,2800,VC9,"At 2025-06-30 13:00:00, the stock VC9 opened at 4.00 VND, reached a high of 4.10 VND, a low of 4.00 VND, and closed the hour at 4.10 VND with a trading volume of 2,800 shares."
2025-06-30 14:00:00,4.0,4.0,4.0,4.0,2700,VC9,"At 2025-06-30 14:00:00, the stock VC9 opened at 4.00 VND, reached a high of 4.00 VND, a low of 4.00 VND, and closed the hour at 4.00 VND with a trading volume of 2,700 shares."
2025-07-01 09:00:00,4.0,4.0,4.0,4.0,500,VC9,"At 2025-07-01 09:00:00, the stock VC9 opened at 4.00 VND, reached a high of 4.00 VND, a low of 4.00 VND, and closed the hour at 4.00 VND with a trading volume of 500 shares."
2025-07-01 13:00:00,4.0,4.0,4.0,4.0,500,VC9,"At 2025-07-01 13:00:00, the stock VC9 opened at 4.00 VND, reached a high of 4.00 VND, a low of 4.00 VND, and closed the hour at 4.00 VND with a trading volume of 500 shares."
2025-07-01 14:00:00,4.1,4.1,4.1,4.1,500,VC9,"At 2025-07-01 14:00:00, the stock VC9 opened at 4.10 VND, reached a high of 4.10 VND, a low of 4.10 VND, and closed the hour at 4.10 VND with a trading volume of 500 shares."
2025-07-02 14:00:00,4.0,4.1,4.0,4.1,2000,VC9,"At 2025-07-02 14:00:00, the stock VC9 opened at 4.00 VND, reached a high of 4.10 VND, a low of 4.00 VND, and closed the hour at 4.10 VND with a trading volume of 2,000 shares."
2025-07-03 09:00:00,4.0,4.1,4.0,4.1,6600,VC9,"At 2025-07-03 09:00:00, the stock VC9 opened at 4.00 VND, reached a high of 4.10 VND, a low of 4.00 VND, and closed the hour at 4.10 VND with a trading volume of 6,600 shares."
2025-07-03 10:00:00,4.0,4.0,4.0,4.0,5400,VC9,"At 2025-07-03 10:00:00, the stock VC9 opened at 4.00 VND, reached a high of 4.00 VND, a low of 4.00 VND, and closed the hour at 4.00 VND with a trading volume of 5,400 shares."
2025-07-03 11:00:00,4.0,4.0,4.0,4.0,900,VC9,"At 2025-07-03 11:00:00, the stock VC9 opened at 4.00 VND, reached a high of 4.00 VND, a low of 4.00 VND, and closed the hour at 4.00 VND with a trading volume of 900 shares."
2025-07-03 13:00:00,4.0,4.0,4.0,4.0,200,VC9,"At 2025-07-03 13:00:00, the stock VC9 opened at 4.00 VND, reached a high of 4.00 VND, a low of 4.00 VND, and closed the hour at 4.00 VND with a trading volume of 200 shares."
2025-07-03 14:00:00,4.1,4.1,4.1,4.1,400,VC9,"At 2025-07-03 14:00:00, the stock VC9 opened at 4.10 VND, reached a high of 4.10 VND, a low of 4.10 VND, and closed the hour at 4.10 VND with a trading volume of 400 shares."
2025-07-04 14:00:00,4.1,4.1,4.1,4.1,200,VC9,"At 2025-07-04 14:00:00, the stock VC9 opened at 4.10 VND, reached a high of 4.10 VND, a low of 4.10 VND, and closed the hour at 4.10 VND with a trading volume of 200 shares."
2025-07-07 09:00:00,4.0,4.0,4.0,4.0,1500,VC9,"At 2025-07-07 09:00:00, the stock VC9 opened at 4.00 VND, reached a high of 4.00 VND, a low of 4.00 VND, and closed the hour at 4.00 VND with a trading volume of 1,500 shares."
2025-07-07 10:00:00,4.0,4.0,4.0,4.0,400,VC9,"At 2025-07-07 10:00:00, the stock VC9 opened at 4.00 VND, reached a high of 4.00 VND, a low of 4.00 VND, and closed the hour at 4.00 VND with a trading volume of 400 shares."
2025-07-07 13:00:00,4.0,4.0,4.0,4.0,15800,VC9,"At 2025-07-07 13:00:00, the stock VC9 opened at 4.00 VND, reached a high of 4.00 VND, a low of 4.00 VND, and closed the hour at 4.00 VND with a trading volume of 15,800 shares."
2025-07-07 14:00:00,4.0,4.1,4.0,4.1,900,VC9,"At 2025-07-07 14:00:00, the stock VC9 opened at 4.00 VND, reached a high of 4.10 VND, a low of 4.00 VND, and closed the hour at 4.10 VND with a trading volume of 900 shares."
2025-07-08 10:00:00,4.0,4.0,4.0,4.0,5000,VC9,"At 2025-07-08 10:00:00, the stock VC9 opened at 4.00 VND, reached a high of 4.00 VND, a low of 4.00 VND, and closed the hour at 4.00 VND with a trading volume of 5,000 shares."
2025-07-08 11:00:00,4.0,4.0,4.0,4.0,3700,VC9,"At 2025-07-08 11:00:00, the stock VC9 opened at 4.00 VND, reached a high of 4.00 VND, a low of 4.00 VND, and closed the hour at 4.00 VND with a trading volume of 3,700 shares."
2025-07-08 13:00:00,4.0,4.0,4.0,4.0,1000,VC9,"At 2025-07-08 13:00:00, the stock VC9 opened at 4.00 VND, reached a high of 4.00 VND, a low of 4.00 VND, and closed the hour at 4.00 VND with a trading volume of 1,000 shares."
2025-07-08 14:00:00,4.1,4.1,4.0,4.0,1500,VC9,"At 2025-07-08 14:00:00, the stock VC9 opened at 4.10 VND, reached a high of 4.10 VND, a low of 4.00 VND, and closed the hour at 4.00 VND with a trading volume of 1,500 shares."
2025-07-09 09:00:00,4.0,4.0,4.0,4.0,10000,VC9,"At 2025-07-09 09:00:00, the stock VC9 opened at 4.00 VND, reached a high of 4.00 VND, a low of 4.00 VND, and closed the hour at 4.00 VND with a trading volume of 10,000 shares."
2025-07-09 13:00:00,4.0,4.0,4.0,4.0,400,VC9,"At 2025-07-09 13:00:00, the stock VC9 opened at 4.00 VND, reached a high of 4.00 VND, a low of 4.00 VND, and closed the hour at 4.00 VND with a trading volume of 400 shares."
2025-07-09 14:00:00,4.1,4.1,4.1,4.1,300,VC9,"At 2025-07-09 14:00:00, the stock VC9 opened at 4.10 VND, reached a high of 4.10 VND, a low of 4.10 VND, and closed the hour at 4.10 VND with a trading volume of 300 shares."
2025-07-10 09:00:00,4.1,4.1,4.1,4.1,1500,VC9,"At 2025-07-10 09:00:00, the stock VC9 opened at 4.10 VND, reached a high of 4.10 VND, a low of 4.10 VND, and closed the hour at 4.10 VND with a trading volume of 1,500 shares."
2025-07-10 10:00:00,4.1,4.1,4.1,4.1,400,VC9,"At 2025-07-10 10:00:00, the stock VC9 opened at 4.10 VND, reached a high of 4.10 VND, a low of 4.10 VND, and closed the hour at 4.10 VND with a trading volume of 400 shares."
2025-07-10 13:00:00,4.1,4.1,4.0,4.0,3700,VC9,"At 2025-07-10 13:00:00, the stock VC9 opened at 4.10 VND, reached a high of 4.10 VND, a low of 4.00 VND, and closed the hour at 4.00 VND with a trading volume of 3,700 shares."
2025-07-10 14:00:00,4.1,4.1,4.1,4.1,500,VC9,"At 2025-07-10 14:00:00, the stock VC9 opened at 4.10 VND, reached a high of 4.10 VND, a low of 4.10 VND, and closed the hour at 4.10 VND with a trading volume of 500 shares."
2025-07-11 09:00:00,4.1,4.1,4.1,4.1,5000,VC9,"At 2025-07-11 09:00:00, the stock VC9 opened at 4.10 VND, reached a high of 4.10 VND, a low of 4.10 VND, and closed the hour at 4.10 VND with a trading volume of 5,000 shares."
2025-07-11 13:00:00,4.1,4.1,4.0,4.0,7900,VC9,"At 2025-07-11 13:00:00, the stock VC9 opened at 4.10 VND, reached a high of 4.10 VND, a low of 4.00 VND, and closed the hour at 4.00 VND with a trading volume of 7,900 shares."
2025-07-11 14:00:00,4.1,4.1,4.1,4.1,500,VC9,"At 2025-07-11 14:00:00, the stock VC9 opened at 4.10 VND, reached a high of 4.10 VND, a low of 4.10 VND, and closed the hour at 4.10 VND with a trading volume of 500 shares."
2025-07-14 09:00:00,4.0,4.0,4.0,4.0,5500,VC9,"At 2025-07-14 09:00:00, the stock VC9 opened at 4.00 VND, reached a high of 4.00 VND, a low of 4.00 VND, and closed the hour at 4.00 VND with a trading volume of 5,500 shares."
2025-07-14 14:00:00,4.1,4.1,4.1,4.1,700,VC9,"At 2025-07-14 14:00:00, the stock VC9 opened at 4.10 VND, reached a high of 4.10 VND, a low of 4.10 VND, and closed the hour at 4.10 VND with a trading volume of 700 shares."
2025-07-15 10:00:00,4.0,4.0,4.0,4.0,100,VC9,"At 2025-07-15 10:00:00, the stock VC9 opened at 4.00 VND, reached a high of 4.00 VND, a low of 4.00 VND, and closed the hour at 4.00 VND with a trading volume of 100 shares."
2025-07-15 13:00:00,4.1,4.1,4.1,4.1,200,VC9,"At 2025-07-15 13:00:00, the stock VC9 opened at 4.10 VND, reached a high of 4.10 VND, a low of 4.10 VND, and closed the hour at 4.10 VND with a trading volume of 200 shares."
2025-07-15 14:00:00,4.0,4.0,4.0,4.0,1000,VC9,"At 2025-07-15 14:00:00, the stock VC9 opened at 4.00 VND, reached a high of 4.00 VND, a low of 4.00 VND, and closed the hour at 4.00 VND with a trading volume of 1,000 shares."
2025-07-16 09:00:00,4.0,4.0,4.0,4.0,14100,VC9,"At 2025-07-16 09:00:00, the stock VC9 opened at 4.00 VND, reached a high of 4.00 VND, a low of 4.00 VND, and closed the hour at 4.00 VND with a trading volume of 14,100 shares."
2025-07-16 10:00:00,4.0,4.0,4.0,4.0,25800,VC9,"At 2025-07-16 10:00:00, the stock VC9 opened at 4.00 VND, reached a high of 4.00 VND, a low of 4.00 VND, and closed the hour at 4.00 VND with a trading volume of 25,800 shares."
2025-07-16 11:00:00,4.0,4.0,4.0,4.0,5300,VC9,"At 2025-07-16 11:00:00, the stock VC9 opened at 4.00 VND, reached a high of 4.00 VND, a low of 4.00 VND, and closed the hour at 4.00 VND with a trading volume of 5,300 shares."
2025-07-16 13:00:00,4.0,4.0,4.0,4.0,400,VC9,"At 2025-07-16 13:00:00, the stock VC9 opened at 4.00 VND, reached a high of 4.00 VND, a low of 4.00 VND, and closed the hour at 4.00 VND with a trading volume of 400 shares."
2025-07-16 14:00:00,4.1,4.1,4.1,4.1,400,VC9,"At 2025-07-16 14:00:00, the stock VC9 opened at 4.10 VND, reached a high of 4.10 VND, a low of 4.10 VND, and closed the hour at 4.10 VND with a trading volume of 400 shares."
2025-07-17 09:00:00,4.0,4.0,4.0,4.0,15900,VC9,"At 2025-07-17 09:00:00, the stock VC9 opened at 4.00 VND, reached a high of 4.00 VND, a low of 4.00 VND, and closed the hour at 4.00 VND with a trading volume of 15,900 shares."
2025-07-17 10:00:00,4.0,4.1,4.0,4.0,60800,VC9,"At 2025-07-17 10:00:00, the stock VC9 opened at 4.00 VND, reached a high of 4.10 VND, a low of 4.00 VND, and closed the hour at 4.00 VND with a trading volume of 60,800 shares."
2025-07-17 11:00:00,4.0,4.0,4.0,4.0,10000,VC9,"At 2025-07-17 11:00:00, the stock VC9 opened at 4.00 VND, reached a high of 4.00 VND, a low of 4.00 VND, and closed the hour at 4.00 VND with a trading volume of 10,000 shares."
2025-07-17 13:00:00,4.0,4.1,4.0,4.1,28000,VC9,"At 2025-07-17 13:00:00, the stock VC9 opened at 4.00 VND, reached a high of 4.10 VND, a low of 4.00 VND, and closed the hour at 4.10 VND with a trading volume of 28,000 shares."
2025-07-17 14:00:00,4.1,4.1,4.1,4.1,4900,VC9,"At 2025-07-17 14:00:00, the stock VC9 opened at 4.10 VND, reached a high of 4.10 VND, a low of 4.10 VND, and closed the hour at 4.10 VND with a trading volume of 4,900 shares."
2025-07-18 09:00:00,4.1,4.3,4.0,4.3,15300,VC9,"At 2025-07-18 09:00:00, the stock VC9 opened at 4.10 VND, reached a high of 4.30 VND, a low of 4.00 VND, and closed the hour at 4.30 VND with a trading volume of 15,300 shares."
2025-07-18 10:00:00,4.2,4.2,4.2,4.2,1500,VC9,"At 2025-07-18 10:00:00, the stock VC9 opened at 4.20 VND, reached a high of 4.20 VND, a low of 4.20 VND, and closed the hour at 4.20 VND with a trading volume of 1,500 shares."
2025-07-18 13:00:00,4.2,4.5,4.2,4.5,116100,VC9,"At 2025-07-18 13:00:00, the stock VC9 opened at 4.20 VND, reached a high of 4.50 VND, a low of 4.20 VND, and closed the hour at 4.50 VND with a trading volume of 116,100 shares."
2025-07-18 14:00:00,4.5,4.5,4.5,4.5,5400,VC9,"At 2025-07-18 14:00:00, the stock VC9 opened at 4.50 VND, reached a high of 4.50 VND, a low of 4.50 VND, and closed the hour at 4.50 VND with a trading volume of 5,400 shares."
2025-07-21 09:00:00,4.9,4.9,4.7,4.9,16600,VC9,"At 2025-07-21 09:00:00, the stock VC9 opened at 4.90 VND, reached a high of 4.90 VND, a low of 4.70 VND, and closed the hour at 4.90 VND with a trading volume of 16,600 shares."
2025-07-21 10:00:00,4.9,4.9,4.7,4.7,19100,VC9,"At 2025-07-21 10:00:00, the stock VC9 opened at 4.90 VND, reached a high of 4.90 VND, a low of 4.70 VND, and closed the hour at 4.70 VND with a trading volume of 19,100 shares."
2025-07-21 13:00:00,4.6,4.7,4.6,4.7,5700,VC9,"At 2025-07-21 13:00:00, the stock VC9 opened at 4.60 VND, reached a high of 4.70 VND, a low of 4.60 VND, and closed the hour at 4.70 VND with a trading volume of 5,700 shares."
2025-07-21 14:00:00,4.7,4.7,4.6,4.6,4500,VC9,"At 2025-07-21 14:00:00, the stock VC9 opened at 4.70 VND, reached a high of 4.70 VND, a low of 4.60 VND, and closed the hour at 4.60 VND with a trading volume of 4,500 shares."
2025-07-22 09:00:00,4.7,4.7,4.6,4.7,6300,VC9,"At 2025-07-22 09:00:00, the stock VC9 opened at 4.70 VND, reached a high of 4.70 VND, a low of 4.60 VND, and closed the hour at 4.70 VND with a trading volume of 6,300 shares."
2025-07-22 10:00:00,4.7,4.7,4.6,4.6,7500,VC9,"At 2025-07-22 10:00:00, the stock VC9 opened at 4.70 VND, reached a high of 4.70 VND, a low of 4.60 VND, and closed the hour at 4.60 VND with a trading volume of 7,500 shares."
2025-07-22 11:00:00,4.7,4.7,4.7,4.7,2000,VC9,"At 2025-07-22 11:00:00, the stock VC9 opened at 4.70 VND, reached a high of 4.70 VND, a low of 4.70 VND, and closed the hour at 4.70 VND with a trading volume of 2,000 shares."
2025-07-22 13:00:00,4.7,4.7,4.7,4.7,3100,VC9,"At 2025-07-22 13:00:00, the stock VC9 opened at 4.70 VND, reached a high of 4.70 VND, a low of 4.70 VND, and closed the hour at 4.70 VND with a trading volume of 3,100 shares."
2025-07-22 14:00:00,4.6,4.7,4.5,4.5,5000,VC9,"At 2025-07-22 14:00:00, the stock VC9 opened at 4.60 VND, reached a high of 4.70 VND, a low of 4.50 VND, and closed the hour at 4.50 VND with a trading volume of 5,000 shares."
2025-07-23 09:00:00,4.6,4.6,4.6,4.6,1000,VC9,"At 2025-07-23 09:00:00, the stock VC9 opened at 4.60 VND, reached a high of 4.60 VND, a low of 4.60 VND, and closed the hour at 4.60 VND with a trading volume of 1,000 shares."
2025-07-23 10:00:00,4.6,4.6,4.6,4.6,7300,VC9,"At 2025-07-23 10:00:00, the stock VC9 opened at 4.60 VND, reached a high of 4.60 VND, a low of 4.60 VND, and closed the hour at 4.60 VND with a trading volume of 7,300 shares."
2025-07-23 14:00:00,4.6,4.6,4.6,4.6,700,VC9,"At 2025-07-23 14:00:00, the stock VC9 opened at 4.60 VND, reached a high of 4.60 VND, a low of 4.60 VND, and closed the hour at 4.60 VND with a trading volume of 700 shares."
2025-07-24 09:00:00,4.9,4.9,4.5,4.5,4200,VC9,"At 2025-07-24 09:00:00, the stock VC9 opened at 4.90 VND, reached a high of 4.90 VND, a low of 4.50 VND, and closed the hour at 4.50 VND with a trading volume of 4,200 shares."
2025-07-24 10:00:00,4.5,4.5,4.5,4.5,1000,VC9,"At 2025-07-24 10:00:00, the stock VC9 opened at 4.50 VND, reached a high of 4.50 VND, a low of 4.50 VND, and closed the hour at 4.50 VND with a trading volume of 1,000 shares."
2025-07-24 11:00:00,4.6,4.6,4.6,4.6,8000,VC9,"At 2025-07-24 11:00:00, the stock VC9 opened at 4.60 VND, reached a high of 4.60 VND, a low of 4.60 VND, and closed the hour at 4.60 VND with a trading volume of 8,000 shares."
2025-07-24 13:00:00,4.5,4.6,4.5,4.6,4100,VC9,"At 2025-07-24 13:00:00, the stock VC9 opened at 4.50 VND, reached a high of 4.60 VND, a low of 4.50 VND, and closed the hour at 4.60 VND with a trading volume of 4,100 shares."
2025-07-24 14:00:00,4.6,4.6,4.6,4.6,400,VC9,"At 2025-07-24 14:00:00, the stock VC9 opened at 4.60 VND, reached a high of 4.60 VND, a low of 4.60 VND, and closed the hour at 4.60 VND with a trading volume of 400 shares."
2025-07-25 09:00:00,4.5,4.6,4.5,4.6,1600,VC9,"At 2025-07-25 09:00:00, the stock VC9 opened at 4.50 VND, reached a high of 4.60 VND, a low of 4.50 VND, and closed the hour at 4.60 VND with a trading volume of 1,600 shares."
2025-07-25 10:00:00,4.5,4.5,4.5,4.5,300,VC9,"At 2025-07-25 10:00:00, the stock VC9 opened at 4.50 VND, reached a high of 4.50 VND, a low of 4.50 VND, and closed the hour at 4.50 VND with a trading volume of 300 shares."
2025-07-25 11:00:00,4.6,4.6,4.6,4.6,100,VC9,"At 2025-07-25 11:00:00, the stock VC9 opened at 4.60 VND, reached a high of 4.60 VND, a low of 4.60 VND, and closed the hour at 4.60 VND with a trading volume of 100 shares."
2025-07-25 13:00:00,4.6,4.7,4.6,4.7,4600,VC9,"At 2025-07-25 13:00:00, the stock VC9 opened at 4.60 VND, reached a high of 4.70 VND, a low of 4.60 VND, and closed the hour at 4.70 VND with a trading volume of 4,600 shares."
2025-07-25 14:00:00,4.7,4.7,4.7,4.7,100,VC9,"At 2025-07-25 14:00:00, the stock VC9 opened at 4.70 VND, reached a high of 4.70 VND, a low of 4.70 VND, and closed the hour at 4.70 VND with a trading volume of 100 shares."
2025-07-28 09:00:00,4.5,4.6,4.4,4.4,14200,VC9,"At 2025-07-28 09:00:00, the stock VC9 opened at 4.50 VND, reached a high of 4.60 VND, a low of 4.40 VND, and closed the hour at 4.40 VND with a trading volume of 14,200 shares."
2025-07-28 10:00:00,4.4,4.5,4.4,4.5,1400,VC9,"At 2025-07-28 10:00:00, the stock VC9 opened at 4.40 VND, reached a high of 4.50 VND, a low of 4.40 VND, and closed the hour at 4.50 VND with a trading volume of 1,400 shares."
2025-07-28 11:00:00,4.4,4.4,4.4,4.4,1900,VC9,"At 2025-07-28 11:00:00, the stock VC9 opened at 4.40 VND, reached a high of 4.40 VND, a low of 4.40 VND, and closed the hour at 4.40 VND with a trading volume of 1,900 shares."
2025-07-28 13:00:00,4.4,4.4,4.3,4.3,83000,VC9,"At 2025-07-28 13:00:00, the stock VC9 opened at 4.40 VND, reached a high of 4.40 VND, a low of 4.30 VND, and closed the hour at 4.30 VND with a trading volume of 83,000 shares."
2025-07-28 14:00:00,4.3,4.4,4.3,4.3,23500,VC9,"At 2025-07-28 14:00:00, the stock VC9 opened at 4.30 VND, reached a high of 4.40 VND, a low of 4.30 VND, and closed the hour at 4.30 VND with a trading volume of 23,500 shares."
2025-07-29 09:00:00,4.2,4.3,4.2,4.3,6300,VC9,"At 2025-07-29 09:00:00, the stock VC9 opened at 4.20 VND, reached a high of 4.30 VND, a low of 4.20 VND, and closed the hour at 4.30 VND with a trading volume of 6,300 shares."
2025-07-29 10:00:00,4.2,4.2,4.2,4.2,300,VC9,"At 2025-07-29 10:00:00, the stock VC9 opened at 4.20 VND, reached a high of 4.20 VND, a low of 4.20 VND, and closed the hour at 4.20 VND with a trading volume of 300 shares."
2025-07-29 11:00:00,4.2,4.2,4.2,4.2,100,VC9,"At 2025-07-29 11:00:00, the stock VC9 opened at 4.20 VND, reached a high of 4.20 VND, a low of 4.20 VND, and closed the hour at 4.20 VND with a trading volume of 100 shares."
2025-07-29 13:00:00,4.2,4.2,4.2,4.2,6200,VC9,"At 2025-07-29 13:00:00, the stock VC9 opened at 4.20 VND, reached a high of 4.20 VND, a low of 4.20 VND, and closed the hour at 4.20 VND with a trading volume of 6,200 shares."
2025-07-29 14:00:00,4.2,4.3,4.2,4.3,400,VC9,"At 2025-07-29 14:00:00, the stock VC9 opened at 4.20 VND, reached a high of 4.30 VND, a low of 4.20 VND, and closed the hour at 4.30 VND with a trading volume of 400 shares."
2025-07-30 09:00:00,4.1,4.3,4.1,4.1,5500,VC9,"At 2025-07-30 09:00:00, the stock VC9 opened at 4.10 VND, reached a high of 4.30 VND, a low of 4.10 VND, and closed the hour at 4.10 VND with a trading volume of 5,500 shares."
2025-07-30 10:00:00,4.1,4.2,4.0,4.2,30000,VC9,"At 2025-07-30 10:00:00, the stock VC9 opened at 4.10 VND, reached a high of 4.20 VND, a low of 4.00 VND, and closed the hour at 4.20 VND with a trading volume of 30,000 shares."
2025-07-30 11:00:00,4.1,4.1,4.1,4.1,3000,VC9,"At 2025-07-30 11:00:00, the stock VC9 opened at 4.10 VND, reached a high of 4.10 VND, a low of 4.10 VND, and closed the hour at 4.10 VND with a trading volume of 3,000 shares."
2025-07-30 13:00:00,4.1,4.2,4.0,4.0,20600,VC9,"At 2025-07-30 13:00:00, the stock VC9 opened at 4.10 VND, reached a high of 4.20 VND, a low of 4.00 VND, and closed the hour at 4.00 VND with a trading volume of 20,600 shares."
2025-07-30 14:00:00,4.0,4.0,3.9,3.9,65600,VC9,"At 2025-07-30 14:00:00, the stock VC9 opened at 4.00 VND, reached a high of 4.00 VND, a low of 3.90 VND, and closed the hour at 3.90 VND with a trading volume of 65,600 shares."
2025-07-31 09:00:00,4.0,4.0,4.0,4.0,1000,VC9,"At 2025-07-31 09:00:00, the stock VC9 opened at 4.00 VND, reached a high of 4.00 VND, a low of 4.00 VND, and closed the hour at 4.00 VND with a trading volume of 1,000 shares."
2025-07-31 10:00:00,4.1,4.2,4.1,4.2,31600,VC9,"At 2025-07-31 10:00:00, the stock VC9 opened at 4.10 VND, reached a high of 4.20 VND, a low of 4.10 VND, and closed the hour at 4.20 VND with a trading volume of 31,600 shares."
2025-07-31 11:00:00,4.2,4.2,4.2,4.2,5400,VC9,"At 2025-07-31 11:00:00, the stock VC9 opened at 4.20 VND, reached a high of 4.20 VND, a low of 4.20 VND, and closed the hour at 4.20 VND with a trading volume of 5,400 shares."
2025-07-31 13:00:00,4.2,4.2,4.2,4.2,1700,VC9,"At 2025-07-31 13:00:00, the stock VC9 opened at 4.20 VND, reached a high of 4.20 VND, a low of 4.20 VND, and closed the hour at 4.20 VND with a trading volume of 1,700 shares."
2025-07-31 14:00:00,4.2,4.2,4.2,4.2,8900,VC9,"At 2025-07-31 14:00:00, the stock VC9 opened at 4.20 VND, reached a high of 4.20 VND, a low of 4.20 VND, and closed the hour at 4.20 VND with a trading volume of 8,900 shares."
2025-08-01 09:00:00,4.2,4.5,4.2,4.5,41500,VC9,"At 2025-08-01 09:00:00, the stock VC9 opened at 4.20 VND, reached a high of 4.50 VND, a low of 4.20 VND, and closed the hour at 4.50 VND with a trading volume of 41,500 shares."
2025-08-01 10:00:00,4.1,4.1,4.0,4.0,36000,VC9,"At 2025-08-01 10:00:00, the stock VC9 opened at 4.10 VND, reached a high of 4.10 VND, a low of 4.00 VND, and closed the hour at 4.00 VND with a trading volume of 36,000 shares."
2025-08-01 11:00:00,4.0,4.0,4.0,4.0,26000,VC9,"At 2025-08-01 11:00:00, the stock VC9 opened at 4.00 VND, reached a high of 4.00 VND, a low of 4.00 VND, and closed the hour at 4.00 VND with a trading volume of 26,000 shares."
2025-08-01 13:00:00,4.1,4.1,4.0,4.0,5700,VC9,"At 2025-08-01 13:00:00, the stock VC9 opened at 4.10 VND, reached a high of 4.10 VND, a low of 4.00 VND, and closed the hour at 4.00 VND with a trading volume of 5,700 shares."
2025-08-01 14:00:00,4.0,4.1,4.0,4.1,14300,VC9,"At 2025-08-01 14:00:00, the stock VC9 opened at 4.00 VND, reached a high of 4.10 VND, a low of 4.00 VND, and closed the hour at 4.10 VND with a trading volume of 14,300 shares."
2025-08-04 09:00:00,4.1,4.1,4.1,4.1,1600,VC9,"At 2025-08-04 09:00:00, the stock VC9 opened at 4.10 VND, reached a high of 4.10 VND, a low of 4.10 VND, and closed the hour at 4.10 VND with a trading volume of 1,600 shares."
2025-08-04 13:00:00,4.1,4.1,4.0,4.0,2700,VC9,"At 2025-08-04 13:00:00, the stock VC9 opened at 4.10 VND, reached a high of 4.10 VND, a low of 4.00 VND, and closed the hour at 4.00 VND with a trading volume of 2,700 shares."
2025-08-04 14:00:00,4.1,4.1,4.1,4.1,10000,VC9,"At 2025-08-04 14:00:00, the stock VC9 opened at 4.10 VND, reached a high of 4.10 VND, a low of 4.10 VND, and closed the hour at 4.10 VND with a trading volume of 10,000 shares."
2025-08-05 09:00:00,4.1,4.1,4.0,4.0,1000,VC9,"At 2025-08-05 09:00:00, the stock VC9 opened at 4.10 VND, reached a high of 4.10 VND, a low of 4.00 VND, and closed the hour at 4.00 VND with a trading volume of 1,000 shares."
2025-08-05 10:00:00,4.1,4.1,4.1,4.1,18300,VC9,"At 2025-08-05 10:00:00, the stock VC9 opened at 4.10 VND, reached a high of 4.10 VND, a low of 4.10 VND, and closed the hour at 4.10 VND with a trading volume of 18,300 shares."
2025-08-05 13:00:00,4.1,4.1,4.0,4.0,19800,VC9,"At 2025-08-05 13:00:00, the stock VC9 opened at 4.10 VND, reached a high of 4.10 VND, a low of 4.00 VND, and closed the hour at 4.00 VND with a trading volume of 19,800 shares."
2025-08-05 14:00:00,4.1,4.1,4.1,4.1,100,VC9,"At 2025-08-05 14:00:00, the stock VC9 opened at 4.10 VND, reached a high of 4.10 VND, a low of 4.10 VND, and closed the hour at 4.10 VND with a trading volume of 100 shares."
2025-08-06 09:00:00,4.0,4.1,4.0,4.1,10500,VC9,"At 2025-08-06 09:00:00, the stock VC9 opened at 4.00 VND, reached a high of 4.10 VND, a low of 4.00 VND, and closed the hour at 4.10 VND with a trading volume of 10,500 shares."
2025-08-06 10:00:00,4.2,4.2,4.2,4.2,6400,VC9,"At 2025-08-06 10:00:00, the stock VC9 opened at 4.20 VND, reached a high of 4.20 VND, a low of 4.20 VND, and closed the hour at 4.20 VND with a trading volume of 6,400 shares."
2025-08-06 11:00:00,4.1,4.1,4.1,4.1,6000,VC9,"At 2025-08-06 11:00:00, the stock VC9 opened at 4.10 VND, reached a high of 4.10 VND, a low of 4.10 VND, and closed the hour at 4.10 VND with a trading volume of 6,000 shares."
2025-08-06 13:00:00,4.1,4.2,4.1,4.2,9400,VC9,"At 2025-08-06 13:00:00, the stock VC9 opened at 4.10 VND, reached a high of 4.20 VND, a low of 4.10 VND, and closed the hour at 4.20 VND with a trading volume of 9,400 shares."
2025-08-06 14:00:00,4.2,4.2,4.2,4.2,100,VC9,"At 2025-08-06 14:00:00, the stock VC9 opened at 4.20 VND, reached a high of 4.20 VND, a low of 4.20 VND, and closed the hour at 4.20 VND with a trading volume of 100 shares."
2025-08-07 09:00:00,4.2,4.3,4.2,4.3,7200,VC9,"At 2025-08-07 09:00:00, the stock VC9 opened at 4.20 VND, reached a high of 4.30 VND, a low of 4.20 VND, and closed the hour at 4.30 VND with a trading volume of 7,200 shares."
2025-08-07 10:00:00,4.1,4.1,4.1,4.1,2000,VC9,"At 2025-08-07 10:00:00, the stock VC9 opened at 4.10 VND, reached a high of 4.10 VND, a low of 4.10 VND, and closed the hour at 4.10 VND with a trading volume of 2,000 shares."
2025-08-07 11:00:00,4.2,4.2,4.2,4.2,200,VC9,"At 2025-08-07 11:00:00, the stock VC9 opened at 4.20 VND, reached a high of 4.20 VND, a low of 4.20 VND, and closed the hour at 4.20 VND with a trading volume of 200 shares."
2025-08-07 14:00:00,4.2,4.2,4.2,4.2,2000,VC9,"At 2025-08-07 14:00:00, the stock VC9 opened at 4.20 VND, reached a high of 4.20 VND, a low of 4.20 VND, and closed the hour at 4.20 VND with a trading volume of 2,000 shares."
2025-08-08 09:00:00,4.1,4.2,4.1,4.2,400,VC9,"At 2025-08-08 09:00:00, the stock VC9 opened at 4.10 VND, reached a high of 4.20 VND, a low of 4.10 VND, and closed the hour at 4.20 VND with a trading volume of 400 shares."
2025-08-08 10:00:00,4.1,4.2,4.1,4.2,300,VC9,"At 2025-08-08 10:00:00, the stock VC9 opened at 4.10 VND, reached a high of 4.20 VND, a low of 4.10 VND, and closed the hour at 4.20 VND with a trading volume of 300 shares."
2025-08-08 13:00:00,4.1,4.1,4.1,4.1,7100,VC9,"At 2025-08-08 13:00:00, the stock VC9 opened at 4.10 VND, reached a high of 4.10 VND, a low of 4.10 VND, and closed the hour at 4.10 VND with a trading volume of 7,100 shares."
2025-08-08 14:00:00,4.1,4.1,4.1,4.1,500,VC9,"At 2025-08-08 14:00:00, the stock VC9 opened at 4.10 VND, reached a high of 4.10 VND, a low of 4.10 VND, and closed the hour at 4.10 VND with a trading volume of 500 shares."
2025-08-11 09:00:00,4.2,4.4,4.2,4.4,25500,VC9,"At 2025-08-11 09:00:00, the stock VC9 opened at 4.20 VND, reached a high of 4.40 VND, a low of 4.20 VND, and closed the hour at 4.40 VND with a trading volume of 25,500 shares."
2025-08-11 10:00:00,4.4,4.5,4.4,4.5,43100,VC9,"At 2025-08-11 10:00:00, the stock VC9 opened at 4.40 VND, reached a high of 4.50 VND, a low of 4.40 VND, and closed the hour at 4.50 VND with a trading volume of 43,100 shares."
2025-08-11 11:00:00,4.4,4.4,4.4,4.4,500,VC9,"At 2025-08-11 11:00:00, the stock VC9 opened at 4.40 VND, reached a high of 4.40 VND, a low of 4.40 VND, and closed the hour at 4.40 VND with a trading volume of 500 shares."
2025-08-11 13:00:00,4.4,4.4,4.3,4.4,11900,VC9,"At 2025-08-11 13:00:00, the stock VC9 opened at 4.40 VND, reached a high of 4.40 VND, a low of 4.30 VND, and closed the hour at 4.40 VND with a trading volume of 11,900 shares."
2025-08-11 14:00:00,4.4,4.4,4.4,4.4,4200,VC9,"At 2025-08-11 14:00:00, the stock VC9 opened at 4.40 VND, reached a high of 4.40 VND, a low of 4.40 VND, and closed the hour at 4.40 VND with a trading volume of 4,200 shares."
2025-08-12 09:00:00,4.4,4.4,4.4,4.4,6300,VC9,"At 2025-08-12 09:00:00, the stock VC9 opened at 4.40 VND, reached a high of 4.40 VND, a low of 4.40 VND, and closed the hour at 4.40 VND with a trading volume of 6,300 shares."
2025-08-12 10:00:00,4.3,4.4,4.3,4.4,300,VC9,"At 2025-08-12 10:00:00, the stock VC9 opened at 4.30 VND, reached a high of 4.40 VND, a low of 4.30 VND, and closed the hour at 4.40 VND with a trading volume of 300 shares."
2025-08-12 11:00:00,4.4,4.4,4.4,4.4,300,VC9,"At 2025-08-12 11:00:00, the stock VC9 opened at 4.40 VND, reached a high of 4.40 VND, a low of 4.40 VND, and closed the hour at 4.40 VND with a trading volume of 300 shares."
2025-08-12 13:00:00,4.3,4.3,4.3,4.3,3200,VC9,"At 2025-08-12 13:00:00, the stock VC9 opened at 4.30 VND, reached a high of 4.30 VND, a low of 4.30 VND, and closed the hour at 4.30 VND with a trading volume of 3,200 shares."
2025-08-12 14:00:00,4.3,4.4,4.3,4.4,2100,VC9,"At 2025-08-12 14:00:00, the stock VC9 opened at 4.30 VND, reached a high of 4.40 VND, a low of 4.30 VND, and closed the hour at 4.40 VND with a trading volume of 2,100 shares."
2025-08-13 09:00:00,4.3,4.4,4.2,4.4,1000,VC9,"At 2025-08-13 09:00:00, the stock VC9 opened at 4.30 VND, reached a high of 4.40 VND, a low of 4.20 VND, and closed the hour at 4.40 VND with a trading volume of 1,000 shares."
2025-08-13 10:00:00,4.4,4.4,4.3,4.3,3900,VC9,"At 2025-08-13 10:00:00, the stock VC9 opened at 4.40 VND, reached a high of 4.40 VND, a low of 4.30 VND, and closed the hour at 4.30 VND with a trading volume of 3,900 shares."
2025-08-13 11:00:00,4.3,4.3,4.3,4.3,4100,VC9,"At 2025-08-13 11:00:00, the stock VC9 opened at 4.30 VND, reached a high of 4.30 VND, a low of 4.30 VND, and closed the hour at 4.30 VND with a trading volume of 4,100 shares."
2025-08-13 13:00:00,4.3,4.3,4.3,4.3,5100,VC9,"At 2025-08-13 13:00:00, the stock VC9 opened at 4.30 VND, reached a high of 4.30 VND, a low of 4.30 VND, and closed the hour at 4.30 VND with a trading volume of 5,100 shares."
2025-08-13 14:00:00,4.2,4.3,4.2,4.2,11600,VC9,"At 2025-08-13 14:00:00, the stock VC9 opened at 4.20 VND, reached a high of 4.30 VND, a low of 4.20 VND, and closed the hour at 4.20 VND with a trading volume of 11,600 shares."
2025-08-14 09:00:00,4.2,4.2,4.2,4.2,19000,VC9,"At 2025-08-14 09:00:00, the stock VC9 opened at 4.20 VND, reached a high of 4.20 VND, a low of 4.20 VND, and closed the hour at 4.20 VND with a trading volume of 19,000 shares."
2025-08-14 10:00:00,4.2,4.2,4.2,4.2,1500,VC9,"At 2025-08-14 10:00:00, the stock VC9 opened at 4.20 VND, reached a high of 4.20 VND, a low of 4.20 VND, and closed the hour at 4.20 VND with a trading volume of 1,500 shares."
2025-08-14 13:00:00,4.2,4.2,4.2,4.2,200,VC9,"At 2025-08-14 13:00:00, the stock VC9 opened at 4.20 VND, reached a high of 4.20 VND, a low of 4.20 VND, and closed the hour at 4.20 VND with a trading volume of 200 shares."
2025-08-14 14:00:00,4.3,4.3,4.3,4.3,3000,VC9,"At 2025-08-14 14:00:00, the stock VC9 opened at 4.30 VND, reached a high of 4.30 VND, a low of 4.30 VND, and closed the hour at 4.30 VND with a trading volume of 3,000 shares."
2025-08-15 09:00:00,4.3,4.3,4.3,4.3,200,VC9,"At 2025-08-15 09:00:00, the stock VC9 opened at 4.30 VND, reached a high of 4.30 VND, a low of 4.30 VND, and closed the hour at 4.30 VND with a trading volume of 200 shares."
2025-08-15 10:00:00,4.2,4.3,4.2,4.3,5200,VC9,"At 2025-08-15 10:00:00, the stock VC9 opened at 4.20 VND, reached a high of 4.30 VND, a low of 4.20 VND, and closed the hour at 4.30 VND with a trading volume of 5,200 shares."
2025-08-15 11:00:00,4.2,4.2,4.2,4.2,4100,VC9,"At 2025-08-15 11:00:00, the stock VC9 opened at 4.20 VND, reached a high of 4.20 VND, a low of 4.20 VND, and closed the hour at 4.20 VND with a trading volume of 4,100 shares."
2025-08-15 14:00:00,4.1,4.1,4.1,4.1,2000,VC9,"At 2025-08-15 14:00:00, the stock VC9 opened at 4.10 VND, reached a high of 4.10 VND, a low of 4.10 VND, and closed the hour at 4.10 VND with a trading volume of 2,000 shares."
2025-08-18 09:00:00,4.0,4.2,4.0,4.2,4300,VC9,"At 2025-08-18 09:00:00, the stock VC9 opened at 4.00 VND, reached a high of 4.20 VND, a low of 4.00 VND, and closed the hour at 4.20 VND with a trading volume of 4,300 shares."
2025-08-18 10:00:00,4.2,4.2,4.2,4.2,1300,VC9,"At 2025-08-18 10:00:00, the stock VC9 opened at 4.20 VND, reached a high of 4.20 VND, a low of 4.20 VND, and closed the hour at 4.20 VND with a trading volume of 1,300 shares."
2025-08-18 13:00:00,4.2,4.2,4.2,4.2,1100,VC9,"At 2025-08-18 13:00:00, the stock VC9 opened at 4.20 VND, reached a high of 4.20 VND, a low of 4.20 VND, and closed the hour at 4.20 VND with a trading volume of 1,100 shares."
2025-08-18 14:00:00,4.2,4.2,4.1,4.1,500,VC9,"At 2025-08-18 14:00:00, the stock VC9 opened at 4.20 VND, reached a high of 4.20 VND, a low of 4.10 VND, and closed the hour at 4.10 VND with a trading volume of 500 shares."
2025-08-19 09:00:00,4.3,4.4,4.3,4.3,26400,VC9,"At 2025-08-19 09:00:00, the stock VC9 opened at 4.30 VND, reached a high of 4.40 VND, a low of 4.30 VND, and closed the hour at 4.30 VND with a trading volume of 26,400 shares."
2025-08-19 10:00:00,4.3,4.3,4.3,4.3,11700,VC9,"At 2025-08-19 10:00:00, the stock VC9 opened at 4.30 VND, reached a high of 4.30 VND, a low of 4.30 VND, and closed the hour at 4.30 VND with a trading volume of 11,700 shares."
2025-08-19 11:00:00,4.3,4.3,4.3,4.3,1000,VC9,"At 2025-08-19 11:00:00, the stock VC9 opened at 4.30 VND, reached a high of 4.30 VND, a low of 4.30 VND, and closed the hour at 4.30 VND with a trading volume of 1,000 shares."
2025-08-19 13:00:00,4.3,4.4,4.3,4.3,5900,VC9,"At 2025-08-19 13:00:00, the stock VC9 opened at 4.30 VND, reached a high of 4.40 VND, a low of 4.30 VND, and closed the hour at 4.30 VND with a trading volume of 5,900 shares."
2025-08-19 14:00:00,4.4,4.4,4.4,4.4,100,VC9,"At 2025-08-19 14:00:00, the stock VC9 opened at 4.40 VND, reached a high of 4.40 VND, a low of 4.40 VND, and closed the hour at 4.40 VND with a trading volume of 100 shares."
2025-08-20 09:00:00,4.4,4.4,4.4,4.4,200,VC9,"At 2025-08-20 09:00:00, the stock VC9 opened at 4.40 VND, reached a high of 4.40 VND, a low of 4.40 VND, and closed the hour at 4.40 VND with a trading volume of 200 shares."
2025-08-20 10:00:00,4.2,4.2,4.2,4.2,9500,VC9,"At 2025-08-20 10:00:00, the stock VC9 opened at 4.20 VND, reached a high of 4.20 VND, a low of 4.20 VND, and closed the hour at 4.20 VND with a trading volume of 9,500 shares."
2025-08-20 11:00:00,4.2,4.2,4.2,4.2,700,VC9,"At 2025-08-20 11:00:00, the stock VC9 opened at 4.20 VND, reached a high of 4.20 VND, a low of 4.20 VND, and closed the hour at 4.20 VND with a trading volume of 700 shares."
2025-08-20 13:00:00,4.2,4.2,4.2,4.2,5000,VC9,"At 2025-08-20 13:00:00, the stock VC9 opened at 4.20 VND, reached a high of 4.20 VND, a low of 4.20 VND, and closed the hour at 4.20 VND with a trading volume of 5,000 shares."
2025-08-20 14:00:00,4.3,4.3,4.2,4.3,3400,VC9,"At 2025-08-20 14:00:00, the stock VC9 opened at 4.30 VND, reached a high of 4.30 VND, a low of 4.20 VND, and closed the hour at 4.30 VND with a trading volume of 3,400 shares."
2025-08-21 09:00:00,4.2,4.2,4.0,4.1,30400,VC9,"At 2025-08-21 09:00:00, the stock VC9 opened at 4.20 VND, reached a high of 4.20 VND, a low of 4.00 VND, and closed the hour at 4.10 VND with a trading volume of 30,400 shares."
2025-08-21 10:00:00,4.1,4.1,4.0,4.1,13300,VC9,"At 2025-08-21 10:00:00, the stock VC9 opened at 4.10 VND, reached a high of 4.10 VND, a low of 4.00 VND, and closed the hour at 4.10 VND with a trading volume of 13,300 shares."
2025-08-21 11:00:00,4.1,4.1,4.1,4.1,1100,VC9,"At 2025-08-21 11:00:00, the stock VC9 opened at 4.10 VND, reached a high of 4.10 VND, a low of 4.10 VND, and closed the hour at 4.10 VND with a trading volume of 1,100 shares."
2025-08-21 13:00:00,4.2,4.2,4.0,4.0,1000,VC9,"At 2025-08-21 13:00:00, the stock VC9 opened at 4.20 VND, reached a high of 4.20 VND, a low of 4.00 VND, and closed the hour at 4.00 VND with a trading volume of 1,000 shares."
2025-08-21 14:00:00,4.1,4.1,4.1,4.1,1400,VC9,"At 2025-08-21 14:00:00, the stock VC9 opened at 4.10 VND, reached a high of 4.10 VND, a low of 4.10 VND, and closed the hour at 4.10 VND with a trading volume of 1,400 shares."
2025-08-22 09:00:00,4.0,4.0,4.0,4.0,1400,VC9,"At 2025-08-22 09:00:00, the stock VC9 opened at 4.00 VND, reached a high of 4.00 VND, a low of 4.00 VND, and closed the hour at 4.00 VND with a trading volume of 1,400 shares."
2025-08-22 10:00:00,4.1,4.1,4.1,4.1,100,VC9,"At 2025-08-22 10:00:00, the stock VC9 opened at 4.10 VND, reached a high of 4.10 VND, a low of 4.10 VND, and closed the hour at 4.10 VND with a trading volume of 100 shares."
2025-08-22 11:00:00,4.0,4.0,4.0,4.0,30300,VC9,"At 2025-08-22 11:00:00, the stock VC9 opened at 4.00 VND, reached a high of 4.00 VND, a low of 4.00 VND, and closed the hour at 4.00 VND with a trading volume of 30,300 shares."
2025-08-22 13:00:00,4.0,4.0,3.9,3.9,25000,VC9,"At 2025-08-22 13:00:00, the stock VC9 opened at 4.00 VND, reached a high of 4.00 VND, a low of 3.90 VND, and closed the hour at 3.90 VND with a trading volume of 25,000 shares."
2025-08-22 14:00:00,3.9,3.9,3.9,3.9,2400,VC9,"At 2025-08-22 14:00:00, the stock VC9 opened at 3.90 VND, reached a high of 3.90 VND, a low of 3.90 VND, and closed the hour at 3.90 VND with a trading volume of 2,400 shares."
2025-08-25 09:00:00,4.0,4.1,4.0,4.1,15000,VC9,"At 2025-08-25 09:00:00, the stock VC9 opened at 4.00 VND, reached a high of 4.10 VND, a low of 4.00 VND, and closed the hour at 4.10 VND with a trading volume of 15,000 shares."
2025-08-25 11:00:00,4.1,4.1,4.1,4.1,100,VC9,"At 2025-08-25 11:00:00, the stock VC9 opened at 4.10 VND, reached a high of 4.10 VND, a low of 4.10 VND, and closed the hour at 4.10 VND with a trading volume of 100 shares."
2025-08-25 13:00:00,4.0,4.1,4.0,4.1,2500,VC9,"At 2025-08-25 13:00:00, the stock VC9 opened at 4.00 VND, reached a high of 4.10 VND, a low of 4.00 VND, and closed the hour at 4.10 VND with a trading volume of 2,500 shares."
2025-08-26 14:00:00,4.1,4.1,4.1,4.1,900,VC9,"At 2025-08-26 14:00:00, the stock VC9 opened at 4.10 VND, reached a high of 4.10 VND, a low of 4.10 VND, and closed the hour at 4.10 VND with a trading volume of 900 shares."
2025-08-27 09:00:00,4.1,4.2,4.1,4.2,900,VC9,"At 2025-08-27 09:00:00, the stock VC9 opened at 4.10 VND, reached a high of 4.20 VND, a low of 4.10 VND, and closed the hour at 4.20 VND with a trading volume of 900 shares."
2025-08-27 10:00:00,4.1,4.1,4.1,4.1,100,VC9,"At 2025-08-27 10:00:00, the stock VC9 opened at 4.10 VND, reached a high of 4.10 VND, a low of 4.10 VND, and closed the hour at 4.10 VND with a trading volume of 100 shares."
2025-08-27 14:00:00,4.0,4.0,4.0,4.0,1300,VC9,"At 2025-08-27 14:00:00, the stock VC9 opened at 4.00 VND, reached a high of 4.00 VND, a low of 4.00 VND, and closed the hour at 4.00 VND with a trading volume of 1,300 shares."
2025-08-28 10:00:00,4.0,4.1,4.0,4.1,200,VC9,"At 2025-08-28 10:00:00, the stock VC9 opened at 4.00 VND, reached a high of 4.10 VND, a low of 4.00 VND, and closed the hour at 4.10 VND with a trading volume of 200 shares."
2025-08-28 13:00:00,4.0,4.0,4.0,4.0,300,VC9,"At 2025-08-28 13:00:00, the stock VC9 opened at 4.00 VND, reached a high of 4.00 VND, a low of 4.00 VND, and closed the hour at 4.00 VND with a trading volume of 300 shares."
2025-08-28 14:00:00,4.0,4.0,4.0,4.0,1000,VC9,"At 2025-08-28 14:00:00, the stock VC9 opened at 4.00 VND, reached a high of 4.00 VND, a low of 4.00 VND, and closed the hour at 4.00 VND with a trading volume of 1,000 shares."
2025-08-29 09:00:00,4.0,4.0,4.0,4.0,1100,VC9,"At 2025-08-29 09:00:00, the stock VC9 opened at 4.00 VND, reached a high of 4.00 VND, a low of 4.00 VND, and closed the hour at 4.00 VND with a trading volume of 1,100 shares."
2025-08-29 10:00:00,4.0,4.0,4.0,4.0,300,VC9,"At 2025-08-29 10:00:00, the stock VC9 opened at 4.00 VND, reached a high of 4.00 VND, a low of 4.00 VND, and closed the hour at 4.00 VND with a trading volume of 300 shares."
2025-08-29 13:00:00,4.0,4.0,4.0,4.0,900,VC9,"At 2025-08-29 13:00:00, the stock VC9 opened at 4.00 VND, reached a high of 4.00 VND, a low of 4.00 VND, and closed the hour at 4.00 VND with a trading volume of 900 shares."
2025-08-29 14:00:00,4.0,4.0,4.0,4.0,6100,VC9,"At 2025-08-29 14:00:00, the stock VC9 opened at 4.00 VND, reached a high of 4.00 VND, a low of 4.00 VND, and closed the hour at 4.00 VND with a trading volume of 6,100 shares."
2025-09-03 09:00:00,4.0,4.0,4.0,4.0,1000,VC9,"At 2025-09-03 09:00:00, the stock VC9 opened at 4.00 VND, reached a high of 4.00 VND, a low of 4.00 VND, and closed the hour at 4.00 VND with a trading volume of 1,000 shares."
2025-09-03 10:00:00,4.0,4.0,4.0,4.0,300,VC9,"At 2025-09-03 10:00:00, the stock VC9 opened at 4.00 VND, reached a high of 4.00 VND, a low of 4.00 VND, and closed the hour at 4.00 VND with a trading volume of 300 shares."
2025-09-03 13:00:00,4.1,4.1,4.1,4.1,1500,VC9,"At 2025-09-03 13:00:00, the stock VC9 opened at 4.10 VND, reached a high of 4.10 VND, a low of 4.10 VND, and closed the hour at 4.10 VND with a trading volume of 1,500 shares."
2025-09-03 14:00:00,4.1,4.3,4.1,4.3,9100,VC9,"At 2025-09-03 14:00:00, the stock VC9 opened at 4.10 VND, reached a high of 4.30 VND, a low of 4.10 VND, and closed the hour at 4.30 VND with a trading volume of 9,100 shares."
2025-09-04 09:00:00,4.3,4.3,4.2,4.3,6600,VC9,"At 2025-09-04 09:00:00, the stock VC9 opened at 4.30 VND, reached a high of 4.30 VND, a low of 4.20 VND, and closed the hour at 4.30 VND with a trading volume of 6,600 shares."
2025-09-04 10:00:00,4.3,4.3,4.2,4.2,5400,VC9,"At 2025-09-04 10:00:00, the stock VC9 opened at 4.30 VND, reached a high of 4.30 VND, a low of 4.20 VND, and closed the hour at 4.20 VND with a trading volume of 5,400 shares."
2025-09-04 13:00:00,4.2,4.2,4.2,4.2,400,VC9,"At 2025-09-04 13:00:00, the stock VC9 opened at 4.20 VND, reached a high of 4.20 VND, a low of 4.20 VND, and closed the hour at 4.20 VND with a trading volume of 400 shares."
2025-09-04 14:00:00,4.2,4.2,4.2,4.2,500,VC9,"At 2025-09-04 14:00:00, the stock VC9 opened at 4.20 VND, reached a high of 4.20 VND, a low of 4.20 VND, and closed the hour at 4.20 VND with a trading volume of 500 shares."
2025-09-05 10:00:00,4.1,4.1,4.1,4.1,1500,VC9,"At 2025-09-05 10:00:00, the stock VC9 opened at 4.10 VND, reached a high of 4.10 VND, a low of 4.10 VND, and closed the hour at 4.10 VND with a trading volume of 1,500 shares."
2025-09-05 14:00:00,4.1,4.1,4.1,4.1,100,VC9,"At 2025-09-05 14:00:00, the stock VC9 opened at 4.10 VND, reached a high of 4.10 VND, a low of 4.10 VND, and closed the hour at 4.10 VND with a trading volume of 100 shares."
2025-09-08 09:00:00,4.1,4.1,4.1,4.1,2500,VC9,"At 2025-09-08 09:00:00, the stock VC9 opened at 4.10 VND, reached a high of 4.10 VND, a low of 4.10 VND, and closed the hour at 4.10 VND with a trading volume of 2,500 shares."
2025-09-08 10:00:00,4.1,4.1,4.0,4.0,15200,VC9,"At 2025-09-08 10:00:00, the stock VC9 opened at 4.10 VND, reached a high of 4.10 VND, a low of 4.00 VND, and closed the hour at 4.00 VND with a trading volume of 15,200 shares."
2025-09-08 11:00:00,4.0,4.0,4.0,4.0,400,VC9,"At 2025-09-08 11:00:00, the stock VC9 opened at 4.00 VND, reached a high of 4.00 VND, a low of 4.00 VND, and closed the hour at 4.00 VND with a trading volume of 400 shares."
2025-09-09 09:00:00,4.1,4.1,4.1,4.1,200,VC9,"At 2025-09-09 09:00:00, the stock VC9 opened at 4.10 VND, reached a high of 4.10 VND, a low of 4.10 VND, and closed the hour at 4.10 VND with a trading volume of 200 shares."
2025-09-09 14:00:00,4.0,4.0,4.0,4.0,4500,VC9,"At 2025-09-09 14:00:00, the stock VC9 opened at 4.00 VND, reached a high of 4.00 VND, a low of 4.00 VND, and closed the hour at 4.00 VND with a trading volume of 4,500 shares."
2025-09-10 09:00:00,4.1,4.1,4.0,4.0,11200,VC9,"At 2025-09-10 09:00:00, the stock VC9 opened at 4.10 VND, reached a high of 4.10 VND, a low of 4.00 VND, and closed the hour at 4.00 VND with a trading volume of 11,200 shares."
2025-09-10 10:00:00,4.1,4.1,4.1,4.1,300,VC9,"At 2025-09-10 10:00:00, the stock VC9 opened at 4.10 VND, reached a high of 4.10 VND, a low of 4.10 VND, and closed the hour at 4.10 VND with a trading volume of 300 shares."
2025-09-10 13:00:00,4.1,4.1,4.1,4.1,600,VC9,"At 2025-09-10 13:00:00, the stock VC9 opened at 4.10 VND, reached a high of 4.10 VND, a low of 4.10 VND, and closed the hour at 4.10 VND with a trading volume of 600 shares."
2025-09-11 09:00:00,4.0,4.0,4.0,4.0,200,VC9,"At 2025-09-11 09:00:00, the stock VC9 opened at 4.00 VND, reached a high of 4.00 VND, a low of 4.00 VND, and closed the hour at 4.00 VND with a trading volume of 200 shares."
2025-09-11 10:00:00,4.0,4.0,4.0,4.0,19000,VC9,"At 2025-09-11 10:00:00, the stock VC9 opened at 4.00 VND, reached a high of 4.00 VND, a low of 4.00 VND, and closed the hour at 4.00 VND with a trading volume of 19,000 shares."
2025-09-11 14:00:00,4.0,4.0,4.0,4.0,200,VC9,"At 2025-09-11 14:00:00, the stock VC9 opened at 4.00 VND, reached a high of 4.00 VND, a low of 4.00 VND, and closed the hour at 4.00 VND with a trading volume of 200 shares."
2025-09-12 09:00:00,4.1,4.1,4.1,4.1,100,VC9,"At 2025-09-12 09:00:00, the stock VC9 opened at 4.10 VND, reached a high of 4.10 VND, a low of 4.10 VND, and closed the hour at 4.10 VND with a trading volume of 100 shares."
2025-09-12 13:00:00,4.1,4.1,4.1,4.1,11000,VC9,"At 2025-09-12 13:00:00, the stock VC9 opened at 4.10 VND, reached a high of 4.10 VND, a low of 4.10 VND, and closed the hour at 4.10 VND with a trading volume of 11,000 shares."
2025-09-12 14:00:00,4.2,4.2,4.2,4.2,100,VC9,"At 2025-09-12 14:00:00, the stock VC9 opened at 4.20 VND, reached a high of 4.20 VND, a low of 4.20 VND, and closed the hour at 4.20 VND with a trading volume of 100 shares."
2025-09-15 09:00:00,4.2,4.2,4.1,4.1,300,VC9,"At 2025-09-15 09:00:00, the stock VC9 opened at 4.20 VND, reached a high of 4.20 VND, a low of 4.10 VND, and closed the hour at 4.10 VND with a trading volume of 300 shares."
2025-09-15 13:00:00,4.1,4.1,4.1,4.1,5200,VC9,"At 2025-09-15 13:00:00, the stock VC9 opened at 4.10 VND, reached a high of 4.10 VND, a low of 4.10 VND, and closed the hour at 4.10 VND with a trading volume of 5,200 shares."
2025-09-15 14:00:00,4.1,4.1,4.1,4.1,1000,VC9,"At 2025-09-15 14:00:00, the stock VC9 opened at 4.10 VND, reached a high of 4.10 VND, a low of 4.10 VND, and closed the hour at 4.10 VND with a trading volume of 1,000 shares."
2025-09-16 09:00:00,4.1,4.1,4.0,4.1,6000,VC9,"At 2025-09-16 09:00:00, the stock VC9 opened at 4.10 VND, reached a high of 4.10 VND, a low of 4.00 VND, and closed the hour at 4.10 VND with a trading volume of 6,000 shares."
2025-09-16 10:00:00,4.1,4.1,4.1,4.1,4200,VC9,"At 2025-09-16 10:00:00, the stock VC9 opened at 4.10 VND, reached a high of 4.10 VND, a low of 4.10 VND, and closed the hour at 4.10 VND with a trading volume of 4,200 shares."
2025-09-16 13:00:00,4.1,4.1,4.1,4.1,300,VC9,"At 2025-09-16 13:00:00, the stock VC9 opened at 4.10 VND, reached a high of 4.10 VND, a low of 4.10 VND, and closed the hour at 4.10 VND with a trading volume of 300 shares."
2025-09-16 14:00:00,4.1,4.1,4.1,4.1,500,VC9,"At 2025-09-16 14:00:00, the stock VC9 opened at 4.10 VND, reached a high of 4.10 VND, a low of 4.10 VND, and closed the hour at 4.10 VND with a trading volume of 500 shares."
2025-09-17 09:00:00,4.0,4.1,4.0,4.1,10100,VC9,"At 2025-09-17 09:00:00, the stock VC9 opened at 4.00 VND, reached a high of 4.10 VND, a low of 4.00 VND, and closed the hour at 4.10 VND with a trading volume of 10,100 shares."
2025-09-17 13:00:00,4.1,4.1,4.1,4.1,200,VC9,"At 2025-09-17 13:00:00, the stock VC9 opened at 4.10 VND, reached a high of 4.10 VND, a low of 4.10 VND, and closed the hour at 4.10 VND with a trading volume of 200 shares."
2025-09-17 14:00:00,4.1,4.2,4.0,4.2,7000,VC9,"At 2025-09-17 14:00:00, the stock VC9 opened at 4.10 VND, reached a high of 4.20 VND, a low of 4.00 VND, and closed the hour at 4.20 VND with a trading volume of 7,000 shares."
2025-09-18 09:00:00,4.1,4.1,4.0,4.0,2600,VC9,"At 2025-09-18 09:00:00, the stock VC9 opened at 4.10 VND, reached a high of 4.10 VND, a low of 4.00 VND, and closed the hour at 4.00 VND with a trading volume of 2,600 shares."
2025-09-18 10:00:00,4.1,4.2,4.1,4.2,300,VC9,"At 2025-09-18 10:00:00, the stock VC9 opened at 4.10 VND, reached a high of 4.20 VND, a low of 4.10 VND, and closed the hour at 4.20 VND with a trading volume of 300 shares."
2025-09-19 09:00:00,4.1,4.1,4.1,4.1,200,VC9,"At 2025-09-19 09:00:00, the stock VC9 opened at 4.10 VND, reached a high of 4.10 VND, a low of 4.10 VND, and closed the hour at 4.10 VND with a trading volume of 200 shares."
2025-09-19 10:00:00,4.1,4.1,4.1,4.1,100,VC9,"At 2025-09-19 10:00:00, the stock VC9 opened at 4.10 VND, reached a high of 4.10 VND, a low of 4.10 VND, and closed the hour at 4.10 VND with a trading volume of 100 shares."
2025-09-19 11:00:00,4.1,4.1,4.1,4.1,100,VC9,"At 2025-09-19 11:00:00, the stock VC9 opened at 4.10 VND, reached a high of 4.10 VND, a low of 4.10 VND, and closed the hour at 4.10 VND with a trading volume of 100 shares."
2025-09-19 13:00:00,4.1,4.1,4.1,4.1,5000,VC9,"At 2025-09-19 13:00:00, the stock VC9 opened at 4.10 VND, reached a high of 4.10 VND, a low of 4.10 VND, and closed the hour at 4.10 VND with a trading volume of 5,000 shares."
2025-09-19 14:00:00,4.1,4.1,4.1,4.1,800,VC9,"At 2025-09-19 14:00:00, the stock VC9 opened at 4.10 VND, reached a high of 4.10 VND, a low of 4.10 VND, and closed the hour at 4.10 VND with a trading volume of 800 shares."
2025-09-22 09:00:00,4.0,4.0,4.0,4.0,500,VC9,"At 2025-09-22 09:00:00, the stock VC9 opened at 4.00 VND, reached a high of 4.00 VND, a low of 4.00 VND, and closed the hour at 4.00 VND with a trading volume of 500 shares."
2025-09-22 13:00:00,4.0,4.0,4.0,4.0,20500,VC9,"At 2025-09-22 13:00:00, the stock VC9 opened at 4.00 VND, reached a high of 4.00 VND, a low of 4.00 VND, and closed the hour at 4.00 VND with a trading volume of 20,500 shares."
2025-09-23 09:00:00,4.0,4.0,4.0,4.0,200,VC9,"At 2025-09-23 09:00:00, the stock VC9 opened at 4.00 VND, reached a high of 4.00 VND, a low of 4.00 VND, and closed the hour at 4.00 VND with a trading volume of 200 shares."
2025-09-23 13:00:00,4.0,4.0,4.0,4.0,100,VC9,"At 2025-09-23 13:00:00, the stock VC9 opened at 4.00 VND, reached a high of 4.00 VND, a low of 4.00 VND, and closed the hour at 4.00 VND with a trading volume of 100 shares."
2025-09-23 14:00:00,4.0,4.0,4.0,4.0,200,VC9,"At 2025-09-23 14:00:00, the stock VC9 opened at 4.00 VND, reached a high of 4.00 VND, a low of 4.00 VND, and closed the hour at 4.00 VND with a trading volume of 200 shares."
2025-09-24 10:00:00,4.0,4.0,4.0,4.0,100,VC9,"At 2025-09-24 10:00:00, the stock VC9 opened at 4.00 VND, reached a high of 4.00 VND, a low of 4.00 VND, and closed the hour at 4.00 VND with a trading volume of 100 shares."
2025-09-24 13:00:00,4.0,4.0,4.0,4.0,600,VC9,"At 2025-09-24 13:00:00, the stock VC9 opened at 4.00 VND, reached a high of 4.00 VND, a low of 4.00 VND, and closed the hour at 4.00 VND with a trading volume of 600 shares."
2025-09-25 10:00:00,4.1,4.1,4.1,4.1,100,VC9,"At 2025-09-25 10:00:00, the stock VC9 opened at 4.10 VND, reached a high of 4.10 VND, a low of 4.10 VND, and closed the hour at 4.10 VND with a trading volume of 100 shares."
2025-09-25 13:00:00,4.1,4.1,4.1,4.1,3200,VC9,"At 2025-09-25 13:00:00, the stock VC9 opened at 4.10 VND, reached a high of 4.10 VND, a low of 4.10 VND, and closed the hour at 4.10 VND with a trading volume of 3,200 shares."
2025-09-26 09:00:00,4.1,4.1,4.1,4.1,300,VC9,"At 2025-09-26 09:00:00, the stock VC9 opened at 4.10 VND, reached a high of 4.10 VND, a low of 4.10 VND, and closed the hour at 4.10 VND with a trading volume of 300 shares."
2025-09-29 09:00:00,4.0,4.0,4.0,4.0,14500,VC9,"At 2025-09-29 09:00:00, the stock VC9 opened at 4.00 VND, reached a high of 4.00 VND, a low of 4.00 VND, and closed the hour at 4.00 VND with a trading volume of 14,500 shares."
2025-09-29 10:00:00,4.0,4.0,4.0,4.0,5400,VC9,"At 2025-09-29 10:00:00, the stock VC9 opened at 4.00 VND, reached a high of 4.00 VND, a low of 4.00 VND, and closed the hour at 4.00 VND with a trading volume of 5,400 shares."
2025-09-30 09:00:00,3.9,4.0,3.9,4.0,2600,VC9,"At 2025-09-30 09:00:00, the stock VC9 opened at 3.90 VND, reached a high of 4.00 VND, a low of 3.90 VND, and closed the hour at 4.00 VND with a trading volume of 2,600 shares."
2025-09-30 10:00:00,4.0,4.0,4.0,4.0,300,VC9,"At 2025-09-30 10:00:00, the stock VC9 opened at 4.00 VND, reached a high of 4.00 VND, a low of 4.00 VND, and closed the hour at 4.00 VND with a trading volume of 300 shares."
2025-09-30 13:00:00,4.0,4.0,4.0,4.0,100,VC9,"At 2025-09-30 13:00:00, the stock VC9 opened at 4.00 VND, reached a high of 4.00 VND, a low of 4.00 VND, and closed the hour at 4.00 VND with a trading volume of 100 shares."
2025-09-30 14:00:00,4.0,4.0,4.0,4.0,100,VC9,"At 2025-09-30 14:00:00, the stock VC9 opened at 4.00 VND, reached a high of 4.00 VND, a low of 4.00 VND, and closed the hour at 4.00 VND with a trading volume of 100 shares."
2025-10-01 09:00:00,4.0,4.0,4.0,4.0,3800,VC9,"At 2025-10-01 09:00:00, the stock VC9 opened at 4.00 VND, reached a high of 4.00 VND, a low of 4.00 VND, and closed the hour at 4.00 VND with a trading volume of 3,800 shares."
2025-10-01 11:00:00,4.0,4.0,4.0,4.0,1000,VC9,"At 2025-10-01 11:00:00, the stock VC9 opened at 4.00 VND, reached a high of 4.00 VND, a low of 4.00 VND, and closed the hour at 4.00 VND with a trading volume of 1,000 shares."
2025-10-01 13:00:00,4.0,4.0,4.0,4.0,1000,VC9,"At 2025-10-01 13:00:00, the stock VC9 opened at 4.00 VND, reached a high of 4.00 VND, a low of 4.00 VND, and closed the hour at 4.00 VND with a trading volume of 1,000 shares."
2025-10-01 14:00:00,4.0,4.0,4.0,4.0,100,VC9,"At 2025-10-01 14:00:00, the stock VC9 opened at 4.00 VND, reached a high of 4.00 VND, a low of 4.00 VND, and closed the hour at 4.00 VND with a trading volume of 100 shares."
2025-10-02 09:00:00,4.0,4.0,4.0,4.0,300,VC9,"At 2025-10-02 09:00:00, the stock VC9 opened at 4.00 VND, reached a high of 4.00 VND, a low of 4.00 VND, and closed the hour at 4.00 VND with a trading volume of 300 shares."
2025-10-02 14:00:00,3.9,4.0,3.9,4.0,2000,VC9,"At 2025-10-02 14:00:00, the stock VC9 opened at 3.90 VND, reached a high of 4.00 VND, a low of 3.90 VND, and closed the hour at 4.00 VND with a trading volume of 2,000 shares."
2025-10-03 13:00:00,3.9,3.9,3.9,3.9,900,VC9,"At 2025-10-03 13:00:00, the stock VC9 opened at 3.90 VND, reached a high of 3.90 VND, a low of 3.90 VND, and closed the hour at 3.90 VND with a trading volume of 900 shares."
2025-10-03 14:00:00,4.0,4.0,4.0,4.0,100,VC9,"At 2025-10-03 14:00:00, the stock VC9 opened at 4.00 VND, reached a high of 4.00 VND, a low of 4.00 VND, and closed the hour at 4.00 VND with a trading volume of 100 shares."
2025-10-06 09:00:00,4.0,4.0,4.0,4.0,100,VC9,"At 2025-10-06 09:00:00, the stock VC9 opened at 4.00 VND, reached a high of 4.00 VND, a low of 4.00 VND, and closed the hour at 4.00 VND with a trading volume of 100 shares."
2025-10-06 13:00:00,3.9,3.9,3.9,3.9,5000,VC9,"At 2025-10-06 13:00:00, the stock VC9 opened at 3.90 VND, reached a high of 3.90 VND, a low of 3.90 VND, and closed the hour at 3.90 VND with a trading volume of 5,000 shares."
2025-10-06 14:00:00,4.0,4.0,4.0,4.0,500,VC9,"At 2025-10-06 14:00:00, the stock VC9 opened at 4.00 VND, reached a high of 4.00 VND, a low of 4.00 VND, and closed the hour at 4.00 VND with a trading volume of 500 shares."
2025-10-07 13:00:00,3.9,3.9,3.9,3.9,300,VC9,"At 2025-10-07 13:00:00, the stock VC9 opened at 3.90 VND, reached a high of 3.90 VND, a low of 3.90 VND, and closed the hour at 3.90 VND with a trading volume of 300 shares."
2025-10-07 14:00:00,4.0,4.0,4.0,4.0,100,VC9,"At 2025-10-07 14:00:00, the stock VC9 opened at 4.00 VND, reached a high of 4.00 VND, a low of 4.00 VND, and closed the hour at 4.00 VND with a trading volume of 100 shares."
2025-10-08 09:00:00,3.9,3.9,3.9,3.9,2000,VC9,"At 2025-10-08 09:00:00, the stock VC9 opened at 3.90 VND, reached a high of 3.90 VND, a low of 3.90 VND, and closed the hour at 3.90 VND with a trading volume of 2,000 shares."
2025-10-08 13:00:00,4.0,4.0,4.0,4.0,300,VC9,"At 2025-10-08 13:00:00, the stock VC9 opened at 4.00 VND, reached a high of 4.00 VND, a low of 4.00 VND, and closed the hour at 4.00 VND with a trading volume of 300 shares."
2025-10-09 13:00:00,3.9,3.9,3.9,3.9,1300,VC9,"At 2025-10-09 13:00:00, the stock VC9 opened at 3.90 VND, reached a high of 3.90 VND, a low of 3.90 VND, and closed the hour at 3.90 VND with a trading volume of 1,300 shares."
2025-10-10 09:00:00,3.7,3.9,3.7,3.9,7700,VC9,"At 2025-10-10 09:00:00, the stock VC9 opened at 3.70 VND, reached a high of 3.90 VND, a low of 3.70 VND, and closed the hour at 3.90 VND with a trading volume of 7,700 shares."
2025-10-10 10:00:00,3.9,3.9,3.9,3.9,300,VC9,"At 2025-10-10 10:00:00, the stock VC9 opened at 3.90 VND, reached a high of 3.90 VND, a low of 3.90 VND, and closed the hour at 3.90 VND with a trading volume of 300 shares."
2025-10-10 11:00:00,3.9,3.9,3.9,3.9,200,VC9,"At 2025-10-10 11:00:00, the stock VC9 opened at 3.90 VND, reached a high of 3.90 VND, a low of 3.90 VND, and closed the hour at 3.90 VND with a trading volume of 200 shares."
2025-10-10 13:00:00,3.9,3.9,3.9,3.9,5100,VC9,"At 2025-10-10 13:00:00, the stock VC9 opened at 3.90 VND, reached a high of 3.90 VND, a low of 3.90 VND, and closed the hour at 3.90 VND with a trading volume of 5,100 shares."
2025-10-10 14:00:00,3.9,4.0,3.9,4.0,900,VC9,"At 2025-10-10 14:00:00, the stock VC9 opened at 3.90 VND, reached a high of 4.00 VND, a low of 3.90 VND, and closed the hour at 4.00 VND with a trading volume of 900 shares."
2025-10-13 13:00:00,4.0,4.0,4.0,4.0,6600,VC9,"At 2025-10-13 13:00:00, the stock VC9 opened at 4.00 VND, reached a high of 4.00 VND, a low of 4.00 VND, and closed the hour at 4.00 VND with a trading volume of 6,600 shares."
2025-10-14 13:00:00,3.9,4.0,3.8,4.0,8000,VC9,"At 2025-10-14 13:00:00, the stock VC9 opened at 3.90 VND, reached a high of 4.00 VND, a low of 3.80 VND, and closed the hour at 4.00 VND with a trading volume of 8,000 shares."
2025-10-17 10:00:00,3.8,3.8,3.8,3.8,500,VC9,"At 2025-10-17 10:00:00, the stock VC9 opened at 3.80 VND, reached a high of 3.80 VND, a low of 3.80 VND, and closed the hour at 3.80 VND with a trading volume of 500 shares."
2025-10-17 11:00:00,3.9,3.9,3.9,3.9,4000,VC9,"At 2025-10-17 11:00:00, the stock VC9 opened at 3.90 VND, reached a high of 3.90 VND, a low of 3.90 VND, and closed the hour at 3.90 VND with a trading volume of 4,000 shares."
2025-10-17 13:00:00,3.9,3.9,3.9,3.9,15800,VC9,"At 2025-10-17 13:00:00, the stock VC9 opened at 3.90 VND, reached a high of 3.90 VND, a low of 3.90 VND, and closed the hour at 3.90 VND with a trading volume of 15,800 shares."
2025-10-20 13:00:00,3.9,3.9,3.9,3.9,500,VC9,"At 2025-10-20 13:00:00, the stock VC9 opened at 3.90 VND, reached a high of 3.90 VND, a low of 3.90 VND, and closed the hour at 3.90 VND with a trading volume of 500 shares."
2025-10-20 14:00:00,3.8,3.8,3.8,3.8,13000,VC9,"At 2025-10-20 14:00:00, the stock VC9 opened at 3.80 VND, reached a high of 3.80 VND, a low of 3.80 VND, and closed the hour at 3.80 VND with a trading volume of 13,000 shares."
2025-10-21 09:00:00,3.8,3.8,3.8,3.8,400,VC9,"At 2025-10-21 09:00:00, the stock VC9 opened at 3.80 VND, reached a high of 3.80 VND, a low of 3.80 VND, and closed the hour at 3.80 VND with a trading volume of 400 shares."
2025-10-21 11:00:00,3.7,3.7,3.7,3.7,1000,VC9,"At 2025-10-21 11:00:00, the stock VC9 opened at 3.70 VND, reached a high of 3.70 VND, a low of 3.70 VND, and closed the hour at 3.70 VND with a trading volume of 1,000 shares."
2025-10-21 13:00:00,3.7,3.9,3.7,3.9,8700,VC9,"At 2025-10-21 13:00:00, the stock VC9 opened at 3.70 VND, reached a high of 3.90 VND, a low of 3.70 VND, and closed the hour at 3.90 VND with a trading volume of 8,700 shares."
2025-10-22 10:00:00,3.8,3.8,3.8,3.8,500,VC9,"At 2025-10-22 10:00:00, the stock VC9 opened at 3.80 VND, reached a high of 3.80 VND, a low of 3.80 VND, and closed the hour at 3.80 VND with a trading volume of 500 shares."
2025-10-22 11:00:00,3.8,3.8,3.8,3.8,2400,VC9,"At 2025-10-22 11:00:00, the stock VC9 opened at 3.80 VND, reached a high of 3.80 VND, a low of 3.80 VND, and closed the hour at 3.80 VND with a trading volume of 2,400 shares."
2025-10-22 13:00:00,3.8,3.8,3.8,3.8,1600,VC9,"At 2025-10-22 13:00:00, the stock VC9 opened at 3.80 VND, reached a high of 3.80 VND, a low of 3.80 VND, and closed the hour at 3.80 VND with a trading volume of 1,600 shares."
2025-10-22 14:00:00,3.9,3.9,3.9,3.9,100,VC9,"At 2025-10-22 14:00:00, the stock VC9 opened at 3.90 VND, reached a high of 3.90 VND, a low of 3.90 VND, and closed the hour at 3.90 VND with a trading volume of 100 shares."
2025-10-23 11:00:00,3.9,3.9,3.9,3.9,5000,VC9,"At 2025-10-23 11:00:00, the stock VC9 opened at 3.90 VND, reached a high of 3.90 VND, a low of 3.90 VND, and closed the hour at 3.90 VND with a trading volume of 5,000 shares."
2025-10-24 10:00:00,3.8,3.8,3.8,3.8,3200,VC9,"At 2025-10-24 10:00:00, the stock VC9 opened at 3.80 VND, reached a high of 3.80 VND, a low of 3.80 VND, and closed the hour at 3.80 VND with a trading volume of 3,200 shares."
2025-10-24 11:00:00,3.8,3.9,3.8,3.9,200,VC9,"At 2025-10-24 11:00:00, the stock VC9 opened at 3.80 VND, reached a high of 3.90 VND, a low of 3.80 VND, and closed the hour at 3.90 VND with a trading volume of 200 shares."
2025-10-27 11:00:00,3.8,3.8,3.8,3.8,100,VC9,"At 2025-10-27 11:00:00, the stock VC9 opened at 3.80 VND, reached a high of 3.80 VND, a low of 3.80 VND, and closed the hour at 3.80 VND with a trading volume of 100 shares."
2025-10-27 14:00:00,3.9,3.9,3.9,3.9,100,VC9,"At 2025-10-27 14:00:00, the stock VC9 opened at 3.90 VND, reached a high of 3.90 VND, a low of 3.90 VND, and closed the hour at 3.90 VND with a trading volume of 100 shares."
2025-10-28 14:00:00,3.9,3.9,3.8,3.9,700,VC9,"At 2025-10-28 14:00:00, the stock VC9 opened at 3.90 VND, reached a high of 3.90 VND, a low of 3.80 VND, and closed the hour at 3.90 VND with a trading volume of 700 shares."
2025-10-29 09:00:00,3.9,3.9,3.9,3.9,3700,VC9,"At 2025-10-29 09:00:00, the stock VC9 opened at 3.90 VND, reached a high of 3.90 VND, a low of 3.90 VND, and closed the hour at 3.90 VND with a trading volume of 3,700 shares."
2025-10-29 10:00:00,3.9,3.9,3.9,3.9,600,VC9,"At 2025-10-29 10:00:00, the stock VC9 opened at 3.90 VND, reached a high of 3.90 VND, a low of 3.90 VND, and closed the hour at 3.90 VND with a trading volume of 600 shares."
2025-10-29 11:00:00,3.9,3.9,3.9,3.9,1600,VC9,"At 2025-10-29 11:00:00, the stock VC9 opened at 3.90 VND, reached a high of 3.90 VND, a low of 3.90 VND, and closed the hour at 3.90 VND with a trading volume of 1,600 shares."
2025-10-29 13:00:00,3.9,3.9,3.9,3.9,900,VC9,"At 2025-10-29 13:00:00, the stock VC9 opened at 3.90 VND, reached a high of 3.90 VND, a low of 3.90 VND, and closed the hour at 3.90 VND with a trading volume of 900 shares."
2025-10-30 11:00:00,3.9,3.9,3.9,3.9,500,VC9,"At 2025-10-30 11:00:00, the stock VC9 opened at 3.90 VND, reached a high of 3.90 VND, a low of 3.90 VND, and closed the hour at 3.90 VND with a trading volume of 500 shares."
2025-10-30 13:00:00,3.9,3.9,3.9,3.9,1500,VC9,"At 2025-10-30 13:00:00, the stock VC9 opened at 3.90 VND, reached a high of 3.90 VND, a low of 3.90 VND, and closed the hour at 3.90 VND with a trading volume of 1,500 shares."
2025-10-30 14:00:00,3.9,3.9,3.9,3.9,1600,VC9,"At 2025-10-30 14:00:00, the stock VC9 opened at 3.90 VND, reached a high of 3.90 VND, a low of 3.90 VND, and closed the hour at 3.90 VND with a trading volume of 1,600 shares."
2025-10-31 11:00:00,3.9,3.9,3.9,3.9,800,VC9,"At 2025-10-31 11:00:00, the stock VC9 opened at 3.90 VND, reached a high of 3.90 VND, a low of 3.90 VND, and closed the hour at 3.90 VND with a trading volume of 800 shares."
2025-10-31 13:00:00,3.9,3.9,3.9,3.9,1100,VC9,"At 2025-10-31 13:00:00, the stock VC9 opened at 3.90 VND, reached a high of 3.90 VND, a low of 3.90 VND, and closed the hour at 3.90 VND with a trading volume of 1,100 shares."
2025-10-31 14:00:00,3.9,3.9,3.9,3.9,3100,VC9,"At 2025-10-31 14:00:00, the stock VC9 opened at 3.90 VND, reached a high of 3.90 VND, a low of 3.90 VND, and closed the hour at 3.90 VND with a trading volume of 3,100 shares."
2025-11-03 10:00:00,3.9,3.9,3.9,3.9,100,VC9,"At 2025-11-03 10:00:00, the stock VC9 opened at 3.90 VND, reached a high of 3.90 VND, a low of 3.90 VND, and closed the hour at 3.90 VND with a trading volume of 100 shares."
2025-11-03 13:00:00,3.8,3.8,3.8,3.8,4600,VC9,"At 2025-11-03 13:00:00, the stock VC9 opened at 3.80 VND, reached a high of 3.80 VND, a low of 3.80 VND, and closed the hour at 3.80 VND with a trading volume of 4,600 shares."
2025-11-04 09:00:00,3.8,3.8,3.8,3.8,500,VC9,"At 2025-11-04 09:00:00, the stock VC9 opened at 3.80 VND, reached a high of 3.80 VND, a low of 3.80 VND, and closed the hour at 3.80 VND with a trading volume of 500 shares."
2025-11-05 09:00:00,3.8,4.0,3.8,4.0,1100,VC9,"At 2025-11-05 09:00:00, the stock VC9 opened at 3.80 VND, reached a high of 4.00 VND, a low of 3.80 VND, and closed the hour at 4.00 VND with a trading volume of 1,100 shares."
2025-11-05 11:00:00,4.0,4.0,4.0,4.0,400,VC9,"At 2025-11-05 11:00:00, the stock VC9 opened at 4.00 VND, reached a high of 4.00 VND, a low of 4.00 VND, and closed the hour at 4.00 VND with a trading volume of 400 shares."
2025-11-05 14:00:00,3.9,3.9,3.9,3.9,600,VC9,"At 2025-11-05 14:00:00, the stock VC9 opened at 3.90 VND, reached a high of 3.90 VND, a low of 3.90 VND, and closed the hour at 3.90 VND with a trading volume of 600 shares."
2025-11-07 11:00:00,4.0,4.0,4.0,4.0,100,VC9,"At 2025-11-07 11:00:00, the stock VC9 opened at 4.00 VND, reached a high of 4.00 VND, a low of 4.00 VND, and closed the hour at 4.00 VND with a trading volume of 100 shares."
2025-11-10 09:00:00,3.8,3.8,3.8,3.8,100,VC9,"At 2025-11-10 09:00:00, the stock VC9 opened at 3.80 VND, reached a high of 3.80 VND, a low of 3.80 VND, and closed the hour at 3.80 VND with a trading volume of 100 shares."
2025-11-10 10:00:00,3.8,3.8,3.8,3.8,2000,VC9,"At 2025-11-10 10:00:00, the stock VC9 opened at 3.80 VND, reached a high of 3.80 VND, a low of 3.80 VND, and closed the hour at 3.80 VND with a trading volume of 2,000 shares."
2025-11-10 11:00:00,3.9,3.9,3.9,3.9,1500,VC9,"At 2025-11-10 11:00:00, the stock VC9 opened at 3.90 VND, reached a high of 3.90 VND, a low of 3.90 VND, and closed the hour at 3.90 VND with a trading volume of 1,500 shares."
2025-11-10 13:00:00,3.9,3.9,3.9,3.9,300,VC9,"At 2025-11-10 13:00:00, the stock VC9 opened at 3.90 VND, reached a high of 3.90 VND, a low of 3.90 VND, and closed the hour at 3.90 VND with a trading volume of 300 shares."
2025-11-10 14:00:00,3.8,3.8,3.6,3.8,36300,VC9,"At 2025-11-10 14:00:00, the stock VC9 opened at 3.80 VND, reached a high of 3.80 VND, a low of 3.60 VND, and closed the hour at 3.80 VND with a trading volume of 36,300 shares."
2025-11-11 11:00:00,3.8,3.8,3.8,3.8,200,VC9,"At 2025-11-11 11:00:00, the stock VC9 opened at 3.80 VND, reached a high of 3.80 VND, a low of 3.80 VND, and closed the hour at 3.80 VND with a trading volume of 200 shares."
2025-11-11 13:00:00,3.7,3.7,3.5,3.6,23500,VC9,"At 2025-11-11 13:00:00, the stock VC9 opened at 3.70 VND, reached a high of 3.70 VND, a low of 3.50 VND, and closed the hour at 3.60 VND with a trading volume of 23,500 shares."
2025-11-11 14:00:00,3.7,3.7,3.7,3.7,100,VC9,"At 2025-11-11 14:00:00, the stock VC9 opened at 3.70 VND, reached a high of 3.70 VND, a low of 3.70 VND, and closed the hour at 3.70 VND with a trading volume of 100 shares."
2025-11-12 09:00:00,3.7,3.7,3.7,3.7,200,VC9,"At 2025-11-12 09:00:00, the stock VC9 opened at 3.70 VND, reached a high of 3.70 VND, a low of 3.70 VND, and closed the hour at 3.70 VND with a trading volume of 200 shares."
2025-11-12 13:00:00,3.7,3.7,3.7,3.7,400,VC9,"At 2025-11-12 13:00:00, the stock VC9 opened at 3.70 VND, reached a high of 3.70 VND, a low of 3.70 VND, and closed the hour at 3.70 VND with a trading volume of 400 shares."
2025-11-12 14:00:00,3.7,3.7,3.7,3.7,2000,VC9,"At 2025-11-12 14:00:00, the stock VC9 opened at 3.70 VND, reached a high of 3.70 VND, a low of 3.70 VND, and closed the hour at 3.70 VND with a trading volume of 2,000 shares."
2025-11-13 09:00:00,3.7,3.7,3.7,3.7,1000,VC9,"At 2025-11-13 09:00:00, the stock VC9 opened at 3.70 VND, reached a high of 3.70 VND, a low of 3.70 VND, and closed the hour at 3.70 VND with a trading volume of 1,000 shares."
2025-11-13 10:00:00,3.7,3.7,3.7,3.7,100,VC9,"At 2025-11-13 10:00:00, the stock VC9 opened at 3.70 VND, reached a high of 3.70 VND, a low of 3.70 VND, and closed the hour at 3.70 VND with a trading volume of 100 shares."
2025-11-13 13:00:00,3.7,3.8,3.7,3.7,8200,VC9,"At 2025-11-13 13:00:00, the stock VC9 opened at 3.70 VND, reached a high of 3.80 VND, a low of 3.70 VND, and closed the hour at 3.70 VND with a trading volume of 8,200 shares."
2025-11-13 14:00:00,3.7,3.7,3.7,3.7,6000,VC9,"At 2025-11-13 14:00:00, the stock VC9 opened at 3.70 VND, reached a high of 3.70 VND, a low of 3.70 VND, and closed the hour at 3.70 VND with a trading volume of 6,000 shares."
2025-11-14 11:00:00,3.7,3.7,3.7,3.7,100,VC9,"At 2025-11-14 11:00:00, the stock VC9 opened at 3.70 VND, reached a high of 3.70 VND, a low of 3.70 VND, and closed the hour at 3.70 VND with a trading volume of 100 shares."
2025-11-14 14:00:00,3.7,3.8,3.7,3.8,300,VC9,"At 2025-11-14 14:00:00, the stock VC9 opened at 3.70 VND, reached a high of 3.80 VND, a low of 3.70 VND, and closed the hour at 3.80 VND with a trading volume of 300 shares."
2025-11-17 13:00:00,3.6,3.7,3.5,3.7,90100,VC9,"At 2025-11-17 13:00:00, the stock VC9 opened at 3.60 VND, reached a high of 3.70 VND, a low of 3.50 VND, and closed the hour at 3.70 VND with a trading volume of 90,100 shares."
2025-11-17 14:00:00,3.7,3.7,3.7,3.7,300,VC9,"At 2025-11-17 14:00:00, the stock VC9 opened at 3.70 VND, reached a high of 3.70 VND, a low of 3.70 VND, and closed the hour at 3.70 VND with a trading volume of 300 shares."
2025-11-18 09:00:00,3.7,3.7,3.7,3.7,100,VC9,"At 2025-11-18 09:00:00, the stock VC9 opened at 3.70 VND, reached a high of 3.70 VND, a low of 3.70 VND, and closed the hour at 3.70 VND with a trading volume of 100 shares."
2025-11-18 11:00:00,3.7,3.7,3.7,3.7,200,VC9,"At 2025-11-18 11:00:00, the stock VC9 opened at 3.70 VND, reached a high of 3.70 VND, a low of 3.70 VND, and closed the hour at 3.70 VND with a trading volume of 200 shares."
2025-11-19 09:00:00,3.7,3.7,3.7,3.7,200,VC9,"At 2025-11-19 09:00:00, the stock VC9 opened at 3.70 VND, reached a high of 3.70 VND, a low of 3.70 VND, and closed the hour at 3.70 VND with a trading volume of 200 shares."
2025-11-19 11:00:00,3.7,3.7,3.7,3.7,100,VC9,"At 2025-11-19 11:00:00, the stock VC9 opened at 3.70 VND, reached a high of 3.70 VND, a low of 3.70 VND, and closed the hour at 3.70 VND with a trading volume of 100 shares."
2025-11-19 13:00:00,3.6,3.7,3.5,3.6,3700,VC9,"At 2025-11-19 13:00:00, the stock VC9 opened at 3.60 VND, reached a high of 3.70 VND, a low of 3.50 VND, and closed the hour at 3.60 VND with a trading volume of 3,700 shares."
2025-11-19 14:00:00,3.6,3.6,3.6,3.6,900,VC9,"At 2025-11-19 14:00:00, the stock VC9 opened at 3.60 VND, reached a high of 3.60 VND, a low of 3.60 VND, and closed the hour at 3.60 VND with a trading volume of 900 shares."
2025-11-20 09:00:00,3.6,3.8,3.6,3.8,32100,VC9,"At 2025-11-20 09:00:00, the stock VC9 opened at 3.60 VND, reached a high of 3.80 VND, a low of 3.60 VND, and closed the hour at 3.80 VND with a trading volume of 32,100 shares."
2025-11-20 10:00:00,3.7,3.7,3.7,3.7,3000,VC9,"At 2025-11-20 10:00:00, the stock VC9 opened at 3.70 VND, reached a high of 3.70 VND, a low of 3.70 VND, and closed the hour at 3.70 VND with a trading volume of 3,000 shares."
2025-11-20 11:00:00,3.7,3.7,3.7,3.7,1600,VC9,"At 2025-11-20 11:00:00, the stock VC9 opened at 3.70 VND, reached a high of 3.70 VND, a low of 3.70 VND, and closed the hour at 3.70 VND with a trading volume of 1,600 shares."
2025-11-21 14:00:00,3.7,3.7,3.7,3.7,100,VC9,"At 2025-11-21 14:00:00, the stock VC9 opened at 3.70 VND, reached a high of 3.70 VND, a low of 3.70 VND, and closed the hour at 3.70 VND with a trading volume of 100 shares."
2025-11-24 10:00:00,3.7,3.7,3.7,3.7,100,VC9,"At 2025-11-24 10:00:00, the stock VC9 opened at 3.70 VND, reached a high of 3.70 VND, a low of 3.70 VND, and closed the hour at 3.70 VND with a trading volume of 100 shares."
2025-11-24 13:00:00,3.6,3.6,3.5,3.5,45400,VC9,"At 2025-11-24 13:00:00, the stock VC9 opened at 3.60 VND, reached a high of 3.60 VND, a low of 3.50 VND, and closed the hour at 3.50 VND with a trading volume of 45,400 shares."
2025-11-24 14:00:00,3.5,3.6,3.5,3.6,1800,VC9,"At 2025-11-24 14:00:00, the stock VC9 opened at 3.50 VND, reached a high of 3.60 VND, a low of 3.50 VND, and closed the hour at 3.60 VND with a trading volume of 1,800 shares."
2025-11-25 13:00:00,3.6,3.6,3.6,3.6,800,VC9,"At 2025-11-25 13:00:00, the stock VC9 opened at 3.60 VND, reached a high of 3.60 VND, a low of 3.60 VND, and closed the hour at 3.60 VND with a trading volume of 800 shares."
2025-11-26 13:00:00,3.6,3.6,3.6,3.6,25800,VC9,"At 2025-11-26 13:00:00, the stock VC9 opened at 3.60 VND, reached a high of 3.60 VND, a low of 3.60 VND, and closed the hour at 3.60 VND with a trading volume of 25,800 shares."
2025-11-26 14:00:00,3.6,3.6,3.6,3.6,3000,VC9,"At 2025-11-26 14:00:00, the stock VC9 opened at 3.60 VND, reached a high of 3.60 VND, a low of 3.60 VND, and closed the hour at 3.60 VND with a trading volume of 3,000 shares."
2025-11-27 09:00:00,3.7,3.9,3.7,3.9,11900,VC9,"At 2025-11-27 09:00:00, the stock VC9 opened at 3.70 VND, reached a high of 3.90 VND, a low of 3.70 VND, and closed the hour at 3.90 VND with a trading volume of 11,900 shares."
2025-11-27 10:00:00,3.8,3.9,3.8,3.9,12500,VC9,"At 2025-11-27 10:00:00, the stock VC9 opened at 3.80 VND, reached a high of 3.90 VND, a low of 3.80 VND, and closed the hour at 3.90 VND with a trading volume of 12,500 shares."
2025-11-27 13:00:00,3.9,3.9,3.9,3.9,16500,VC9,"At 2025-11-27 13:00:00, the stock VC9 opened at 3.90 VND, reached a high of 3.90 VND, a low of 3.90 VND, and closed the hour at 3.90 VND with a trading volume of 16,500 shares."
2025-11-27 14:00:00,3.9,3.9,3.9,3.9,200,VC9,"At 2025-11-27 14:00:00, the stock VC9 opened at 3.90 VND, reached a high of 3.90 VND, a low of 3.90 VND, and closed the hour at 3.90 VND with a trading volume of 200 shares."
2025-11-28 09:00:00,4.0,4.0,3.8,3.8,1300,VC9,"At 2025-11-28 09:00:00, the stock VC9 opened at 4.00 VND, reached a high of 4.00 VND, a low of 3.80 VND, and closed the hour at 3.80 VND with a trading volume of 1,300 shares."
2025-11-28 10:00:00,3.8,3.8,3.8,3.8,1000,VC9,"At 2025-11-28 10:00:00, the stock VC9 opened at 3.80 VND, reached a high of 3.80 VND, a low of 3.80 VND, and closed the hour at 3.80 VND with a trading volume of 1,000 shares."
2025-11-28 11:00:00,3.8,3.8,3.8,3.8,500,VC9,"At 2025-11-28 11:00:00, the stock VC9 opened at 3.80 VND, reached a high of 3.80 VND, a low of 3.80 VND, and closed the hour at 3.80 VND with a trading volume of 500 shares."
2025-11-28 14:00:00,3.8,3.8,3.8,3.8,200,VC9,"At 2025-11-28 14:00:00, the stock VC9 opened at 3.80 VND, reached a high of 3.80 VND, a low of 3.80 VND, and closed the hour at 3.80 VND with a trading volume of 200 shares."
2025-12-01 10:00:00,3.8,3.8,3.8,3.8,200,VC9,"At 2025-12-01 10:00:00, the stock VC9 opened at 3.80 VND, reached a high of 3.80 VND, a low of 3.80 VND, and closed the hour at 3.80 VND with a trading volume of 200 shares."
2025-12-01 14:00:00,3.7,3.8,3.6,3.8,12100,VC9,"At 2025-12-01 14:00:00, the stock VC9 opened at 3.70 VND, reached a high of 3.80 VND, a low of 3.60 VND, and closed the hour at 3.80 VND with a trading volume of 12,100 shares."
2025-12-02 09:00:00,3.7,3.7,3.7,3.7,1000,VC9,"At 2025-12-02 09:00:00, the stock VC9 opened at 3.70 VND, reached a high of 3.70 VND, a low of 3.70 VND, and closed the hour at 3.70 VND with a trading volume of 1,000 shares."
2025-12-02 11:00:00,3.7,3.7,3.7,3.7,300,VC9,"At 2025-12-02 11:00:00, the stock VC9 opened at 3.70 VND, reached a high of 3.70 VND, a low of 3.70 VND, and closed the hour at 3.70 VND with a trading volume of 300 shares."
2025-12-02 13:00:00,3.6,3.7,3.6,3.7,1400,VC9,"At 2025-12-02 13:00:00, the stock VC9 opened at 3.60 VND, reached a high of 3.70 VND, a low of 3.60 VND, and closed the hour at 3.70 VND with a trading volume of 1,400 shares."
2025-12-02 14:00:00,3.6,3.8,3.6,3.6,2900,VC9,"At 2025-12-02 14:00:00, the stock VC9 opened at 3.60 VND, reached a high of 3.80 VND, a low of 3.60 VND, and closed the hour at 3.60 VND with a trading volume of 2,900 shares."
2025-12-03 13:00:00,3.6,3.8,3.6,3.8,900,VC9,"At 2025-12-03 13:00:00, the stock VC9 opened at 3.60 VND, reached a high of 3.80 VND, a low of 3.60 VND, and closed the hour at 3.80 VND with a trading volume of 900 shares."
2025-12-03 14:00:00,3.9,3.9,3.8,3.8,1300,VC9,"At 2025-12-03 14:00:00, the stock VC9 opened at 3.90 VND, reached a high of 3.90 VND, a low of 3.80 VND, and closed the hour at 3.80 VND with a trading volume of 1,300 shares."
2025-12-04 13:00:00,3.7,3.7,3.6,3.6,1500,VC9,"At 2025-12-04 13:00:00, the stock VC9 opened at 3.70 VND, reached a high of 3.70 VND, a low of 3.60 VND, and closed the hour at 3.60 VND with a trading volume of 1,500 shares."
2025-12-04 14:00:00,3.6,3.8,3.6,3.8,400,VC9,"At 2025-12-04 14:00:00, the stock VC9 opened at 3.60 VND, reached a high of 3.80 VND, a low of 3.60 VND, and closed the hour at 3.80 VND with a trading volume of 400 shares."
2025-12-05 13:00:00,3.7,3.7,3.7,3.7,600,VC9,"At 2025-12-05 13:00:00, the stock VC9 opened at 3.70 VND, reached a high of 3.70 VND, a low of 3.70 VND, and closed the hour at 3.70 VND with a trading volume of 600 shares."
2025-12-08 09:00:00,3.8,3.8,3.8,3.8,1500,VC9,"At 2025-12-08 09:00:00, the stock VC9 opened at 3.80 VND, reached a high of 3.80 VND, a low of 3.80 VND, and closed the hour at 3.80 VND with a trading volume of 1,500 shares."
2025-12-08 13:00:00,3.7,3.7,3.7,3.7,400,VC9,"At 2025-12-08 13:00:00, the stock VC9 opened at 3.70 VND, reached a high of 3.70 VND, a low of 3.70 VND, and closed the hour at 3.70 VND with a trading volume of 400 shares."
2025-12-08 14:00:00,3.7,3.7,3.5,3.5,3600,VC9,"At 2025-12-08 14:00:00, the stock VC9 opened at 3.70 VND, reached a high of 3.70 VND, a low of 3.50 VND, and closed the hour at 3.50 VND with a trading volume of 3,600 shares."
2025-12-09 10:00:00,3.6,3.7,3.6,3.7,200,VC9,"At 2025-12-09 10:00:00, the stock VC9 opened at 3.60 VND, reached a high of 3.70 VND, a low of 3.60 VND, and closed the hour at 3.70 VND with a trading volume of 200 shares."
2025-12-09 14:00:00,3.6,3.6,3.6,3.6,500,VC9,"At 2025-12-09 14:00:00, the stock VC9 opened at 3.60 VND, reached a high of 3.60 VND, a low of 3.60 VND, and closed the hour at 3.60 VND with a trading volume of 500 shares."
2025-12-10 10:00:00,3.7,3.7,3.7,3.7,100,VC9,"At 2025-12-10 10:00:00, the stock VC9 opened at 3.70 VND, reached a high of 3.70 VND, a low of 3.70 VND, and closed the hour at 3.70 VND with a trading volume of 100 shares."
2025-12-10 13:00:00,3.6,3.6,3.6,3.6,25000,VC9,"At 2025-12-10 13:00:00, the stock VC9 opened at 3.60 VND, reached a high of 3.60 VND, a low of 3.60 VND, and closed the hour at 3.60 VND with a trading volume of 25,000 shares."
2025-12-10 14:00:00,3.7,3.7,3.7,3.7,100,VC9,"At 2025-12-10 14:00:00, the stock VC9 opened at 3.70 VND, reached a high of 3.70 VND, a low of 3.70 VND, and closed the hour at 3.70 VND with a trading volume of 100 shares."
2025-12-11 09:00:00,3.7,3.7,3.7,3.7,300,VC9,"At 2025-12-11 09:00:00, the stock VC9 opened at 3.70 VND, reached a high of 3.70 VND, a low of 3.70 VND, and closed the hour at 3.70 VND with a trading volume of 300 shares."
2025-12-11 14:00:00,3.6,3.8,3.6,3.8,6400,VC9,"At 2025-12-11 14:00:00, the stock VC9 opened at 3.60 VND, reached a high of 3.80 VND, a low of 3.60 VND, and closed the hour at 3.80 VND with a trading volume of 6,400 shares."
2025-12-12 09:00:00,3.7,3.7,3.6,3.6,1000,VC9,"At 2025-12-12 09:00:00, the stock VC9 opened at 3.70 VND, reached a high of 3.70 VND, a low of 3.60 VND, and closed the hour at 3.60 VND with a trading volume of 1,000 shares."
2025-12-12 10:00:00,3.7,3.7,3.7,3.7,300,VC9,"At 2025-12-12 10:00:00, the stock VC9 opened at 3.70 VND, reached a high of 3.70 VND, a low of 3.70 VND, and closed the hour at 3.70 VND with a trading volume of 300 shares."
2025-12-12 14:00:00,3.7,3.7,3.6,3.6,3600,VC9,"At 2025-12-12 14:00:00, the stock VC9 opened at 3.70 VND, reached a high of 3.70 VND, a low of 3.60 VND, and closed the hour at 3.60 VND with a trading volume of 3,600 shares."
2025-12-15 09:00:00,3.8,3.8,3.8,3.8,100,VC9,"At 2025-12-15 09:00:00, the stock VC9 opened at 3.80 VND, reached a high of 3.80 VND, a low of 3.80 VND, and closed the hour at 3.80 VND with a trading volume of 100 shares."
2025-12-15 10:00:00,3.7,3.7,3.7,3.7,200,VC9,"At 2025-12-15 10:00:00, the stock VC9 opened at 3.70 VND, reached a high of 3.70 VND, a low of 3.70 VND, and closed the hour at 3.70 VND with a trading volume of 200 shares."
2025-12-15 13:00:00,3.7,3.7,3.7,3.7,100,VC9,"At 2025-12-15 13:00:00, the stock VC9 opened at 3.70 VND, reached a high of 3.70 VND, a low of 3.70 VND, and closed the hour at 3.70 VND with a trading volume of 100 shares."
2025-12-17 14:00:00,3.7,3.7,3.7,3.7,600,VC9,"At 2025-12-17 14:00:00, the stock VC9 opened at 3.70 VND, reached a high of 3.70 VND, a low of 3.70 VND, and closed the hour at 3.70 VND with a trading volume of 600 shares."
2025-12-18 11:00:00,3.6,3.6,3.6,3.6,300,VC9,"At 2025-12-18 11:00:00, the stock VC9 opened at 3.60 VND, reached a high of 3.60 VND, a low of 3.60 VND, and closed the hour at 3.60 VND with a trading volume of 300 shares."
2025-12-18 13:00:00,3.6,3.6,3.6,3.6,500,VC9,"At 2025-12-18 13:00:00, the stock VC9 opened at 3.60 VND, reached a high of 3.60 VND, a low of 3.60 VND, and closed the hour at 3.60 VND with a trading volume of 500 shares."
2025-12-18 14:00:00,3.7,3.8,3.7,3.8,10700,VC9,"At 2025-12-18 14:00:00, the stock VC9 opened at 3.70 VND, reached a high of 3.80 VND, a low of 3.70 VND, and closed the hour at 3.80 VND with a trading volume of 10,700 shares."
2025-12-19 13:00:00,3.7,3.7,3.7,3.7,800,VC9,"At 2025-12-19 13:00:00, the stock VC9 opened at 3.70 VND, reached a high of 3.70 VND, a low of 3.70 VND, and closed the hour at 3.70 VND with a trading volume of 800 shares."
2025-12-22 11:00:00,3.6,3.6,3.6,3.6,1000,VC9,"At 2025-12-22 11:00:00, the stock VC9 opened at 3.60 VND, reached a high of 3.60 VND, a low of 3.60 VND, and closed the hour at 3.60 VND with a trading volume of 1,000 shares."
2025-12-22 13:00:00,3.6,3.7,3.6,3.7,300,VC9,"At 2025-12-22 13:00:00, the stock VC9 opened at 3.60 VND, reached a high of 3.70 VND, a low of 3.60 VND, and closed the hour at 3.70 VND with a trading volume of 300 shares."
2025-12-22 14:00:00,3.7,3.7,3.7,3.7,200,VC9,"At 2025-12-22 14:00:00, the stock VC9 opened at 3.70 VND, reached a high of 3.70 VND, a low of 3.70 VND, and closed the hour at 3.70 VND with a trading volume of 200 shares."
2025-12-24 09:00:00,3.6,3.6,3.6,3.6,800,VC9,"At 2025-12-24 09:00:00, the stock VC9 opened at 3.60 VND, reached a high of 3.60 VND, a low of 3.60 VND, and closed the hour at 3.60 VND with a trading volume of 800 shares."
2025-12-24 14:00:00,3.5,3.7,3.5,3.7,200,VC9,"At 2025-12-24 14:00:00, the stock VC9 opened at 3.50 VND, reached a high of 3.70 VND, a low of 3.50 VND, and closed the hour at 3.70 VND with a trading volume of 200 shares."
2025-12-25 10:00:00,3.6,3.6,3.6,3.6,200,VC9,"At 2025-12-25 10:00:00, the stock VC9 opened at 3.60 VND, reached a high of 3.60 VND, a low of 3.60 VND, and closed the hour at 3.60 VND with a trading volume of 200 shares."
2025-12-26 09:00:00,3.7,3.9,3.7,3.9,1100,VC9,"At 2025-12-26 09:00:00, the stock VC9 opened at 3.70 VND, reached a high of 3.90 VND, a low of 3.70 VND, and closed the hour at 3.90 VND with a trading volume of 1,100 shares."
2025-12-26 11:00:00,3.6,3.6,3.5,3.5,18200,VC9,"At 2025-12-26 11:00:00, the stock VC9 opened at 3.60 VND, reached a high of 3.60 VND, a low of 3.50 VND, and closed the hour at 3.50 VND with a trading volume of 18,200 shares."
2025-12-26 13:00:00,3.7,3.7,3.7,3.7,100,VC9,"At 2025-12-26 13:00:00, the stock VC9 opened at 3.70 VND, reached a high of 3.70 VND, a low of 3.70 VND, and closed the hour at 3.70 VND with a trading volume of 100 shares."
2025-12-26 14:00:00,3.7,3.7,3.7,3.7,400,VC9,"At 2025-12-26 14:00:00, the stock VC9 opened at 3.70 VND, reached a high of 3.70 VND, a low of 3.70 VND, and closed the hour at 3.70 VND with a trading volume of 400 shares."
2025-12-29 10:00:00,3.7,3.7,3.7,3.7,200,VC9,"At 2025-12-29 10:00:00, the stock VC9 opened at 3.70 VND, reached a high of 3.70 VND, a low of 3.70 VND, and closed the hour at 3.70 VND with a trading volume of 200 shares."
2025-12-29 14:00:00,3.8,3.8,3.8,3.8,700,VC9,"At 2025-12-29 14:00:00, the stock VC9 opened at 3.80 VND, reached a high of 3.80 VND, a low of 3.80 VND, and closed the hour at 3.80 VND with a trading volume of 700 shares."
2025-12-30 11:00:00,3.7,3.7,3.7,3.7,300,VC9,"At 2025-12-30 11:00:00, the stock VC9 opened at 3.70 VND, reached a high of 3.70 VND, a low of 3.70 VND, and closed the hour at 3.70 VND with a trading volume of 300 shares."
2025-12-30 13:00:00,3.7,3.7,3.7,3.7,100,VC9,"At 2025-12-30 13:00:00, the stock VC9 opened at 3.70 VND, reached a high of 3.70 VND, a low of 3.70 VND, and closed the hour at 3.70 VND with a trading volume of 100 shares."
2025-12-30 14:00:00,3.7,3.7,3.7,3.7,100,VC9,"At 2025-12-30 14:00:00, the stock VC9 opened at 3.70 VND, reached a high of 3.70 VND, a low of 3.70 VND, and closed the hour at 3.70 VND with a trading volume of 100 shares."
2025-12-31 09:00:00,3.7,3.7,3.5,3.5,1600,VC9,"At 2025-12-31 09:00:00, the stock VC9 opened at 3.70 VND, reached a high of 3.70 VND, a low of 3.50 VND, and closed the hour at 3.50 VND with a trading volume of 1,600 shares."
2025-12-31 13:00:00,3.5,3.7,3.5,3.7,200,VC9,"At 2025-12-31 13:00:00, the stock VC9 opened at 3.50 VND, reached a high of 3.70 VND, a low of 3.50 VND, and closed the hour at 3.70 VND with a trading volume of 200 shares."
2026-01-05 10:00:00,3.7,3.7,3.7,3.7,100,VC9,"At 2026-01-05 10:00:00, the stock VC9 opened at 3.70 VND, reached a high of 3.70 VND, a low of 3.70 VND, and closed the hour at 3.70 VND with a trading volume of 100 shares."
2026-01-05 11:00:00,3.6,3.6,3.6,3.6,600,VC9,"At 2026-01-05 11:00:00, the stock VC9 opened at 3.60 VND, reached a high of 3.60 VND, a low of 3.60 VND, and closed the hour at 3.60 VND with a trading volume of 600 shares."
2026-01-05 13:00:00,3.6,3.7,3.5,3.5,1200,VC9,"At 2026-01-05 13:00:00, the stock VC9 opened at 3.60 VND, reached a high of 3.70 VND, a low of 3.50 VND, and closed the hour at 3.50 VND with a trading volume of 1,200 shares."
2026-01-05 14:00:00,3.5,3.7,3.5,3.7,200,VC9,"At 2026-01-05 14:00:00, the stock VC9 opened at 3.50 VND, reached a high of 3.70 VND, a low of 3.50 VND, and closed the hour at 3.70 VND with a trading volume of 200 shares."
2026-01-06 11:00:00,3.5,3.5,3.5,3.5,600,VC9,"At 2026-01-06 11:00:00, the stock VC9 opened at 3.50 VND, reached a high of 3.50 VND, a low of 3.50 VND, and closed the hour at 3.50 VND with a trading volume of 600 shares."
2026-01-06 14:00:00,3.5,3.7,3.5,3.7,200,VC9,"At 2026-01-06 14:00:00, the stock VC9 opened at 3.50 VND, reached a high of 3.70 VND, a low of 3.50 VND, and closed the hour at 3.70 VND with a trading volume of 200 shares."
2026-01-08 09:00:00,3.6,3.6,3.6,3.6,200,VC9,"At 2026-01-08 09:00:00, the stock VC9 opened at 3.60 VND, reached a high of 3.60 VND, a low of 3.60 VND, and closed the hour at 3.60 VND with a trading volume of 200 shares."
2026-01-08 10:00:00,3.7,3.8,3.7,3.8,10400,VC9,"At 2026-01-08 10:00:00, the stock VC9 opened at 3.70 VND, reached a high of 3.80 VND, a low of 3.70 VND, and closed the hour at 3.80 VND with a trading volume of 10,400 shares."
2026-01-08 13:00:00,3.7,3.8,3.7,3.7,1800,VC9,"At 2026-01-08 13:00:00, the stock VC9 opened at 3.70 VND, reached a high of 3.80 VND, a low of 3.70 VND, and closed the hour at 3.70 VND with a trading volume of 1,800 shares."
2026-01-08 14:00:00,3.8,3.8,3.8,3.8,100,VC9,"At 2026-01-08 14:00:00, the stock VC9 opened at 3.80 VND, reached a high of 3.80 VND, a low of 3.80 VND, and closed the hour at 3.80 VND with a trading volume of 100 shares."
2026-01-13 10:00:00,3.6,3.7,3.6,3.7,1300,VC9,"At 2026-01-13 10:00:00, the stock VC9 opened at 3.60 VND, reached a high of 3.70 VND, a low of 3.60 VND, and closed the hour at 3.70 VND with a trading volume of 1,300 shares."
2026-01-13 13:00:00,3.8,3.8,3.8,3.8,100,VC9,"At 2026-01-13 13:00:00, the stock VC9 opened at 3.80 VND, reached a high of 3.80 VND, a low of 3.80 VND, and closed the hour at 3.80 VND with a trading volume of 100 shares."
2026-01-14 10:00:00,3.7,3.7,3.6,3.7,1300,VC9,"At 2026-01-14 10:00:00, the stock VC9 opened at 3.70 VND, reached a high of 3.70 VND, a low of 3.60 VND, and closed the hour at 3.70 VND with a trading volume of 1,300 shares."
2026-01-14 11:00:00,3.7,3.7,3.7,3.7,100,VC9,"At 2026-01-14 11:00:00, the stock VC9 opened at 3.70 VND, reached a high of 3.70 VND, a low of 3.70 VND, and closed the hour at 3.70 VND with a trading volume of 100 shares."
2026-01-14 13:00:00,3.7,3.7,3.7,3.7,100,VC9,"At 2026-01-14 13:00:00, the stock VC9 opened at 3.70 VND, reached a high of 3.70 VND, a low of 3.70 VND, and closed the hour at 3.70 VND with a trading volume of 100 shares."
2026-01-14 14:00:00,3.6,3.7,3.6,3.7,200,VC9,"At 2026-01-14 14:00:00, the stock VC9 opened at 3.60 VND, reached a high of 3.70 VND, a low of 3.60 VND, and closed the hour at 3.70 VND with a trading volume of 200 shares."
2026-01-15 09:00:00,3.8,3.8,3.8,3.8,100,VC9,"At 2026-01-15 09:00:00, the stock VC9 opened at 3.80 VND, reached a high of 3.80 VND, a low of 3.80 VND, and closed the hour at 3.80 VND with a trading volume of 100 shares."
2026-01-16 10:00:00,3.7,3.7,3.7,3.7,800,VC9,"At 2026-01-16 10:00:00, the stock VC9 opened at 3.70 VND, reached a high of 3.70 VND, a low of 3.70 VND, and closed the hour at 3.70 VND with a trading volume of 800 shares."
2026-01-16 13:00:00,3.8,3.8,3.7,3.7,200,VC9,"At 2026-01-16 13:00:00, the stock VC9 opened at 3.80 VND, reached a high of 3.80 VND, a low of 3.70 VND, and closed the hour at 3.70 VND with a trading volume of 200 shares."
2026-01-16 14:00:00,3.8,3.8,3.8,3.8,100,VC9,"At 2026-01-16 14:00:00, the stock VC9 opened at 3.80 VND, reached a high of 3.80 VND, a low of 3.80 VND, and closed the hour at 3.80 VND with a trading volume of 100 shares."
2026-01-20 09:00:00,3.8,3.8,3.8,3.8,3900,VC9,"At 2026-01-20 09:00:00, the stock VC9 opened at 3.80 VND, reached a high of 3.80 VND, a low of 3.80 VND, and closed the hour at 3.80 VND with a trading volume of 3,900 shares."
2026-01-21 09:00:00,3.8,3.8,3.8,3.8,4900,VC9,"At 2026-01-21 09:00:00, the stock VC9 opened at 3.80 VND, reached a high of 3.80 VND, a low of 3.80 VND, and closed the hour at 3.80 VND with a trading volume of 4,900 shares."
2026-01-21 10:00:00,3.8,3.9,3.8,3.9,1100,VC9,"At 2026-01-21 10:00:00, the stock VC9 opened at 3.80 VND, reached a high of 3.90 VND, a low of 3.80 VND, and closed the hour at 3.90 VND with a trading volume of 1,100 shares."
2026-01-21 13:00:00,3.8,3.8,3.8,3.8,300,VC9,"At 2026-01-21 13:00:00, the stock VC9 opened at 3.80 VND, reached a high of 3.80 VND, a low of 3.80 VND, and closed the hour at 3.80 VND with a trading volume of 300 shares."
2026-01-21 14:00:00,3.9,3.9,3.9,3.9,100,VC9,"At 2026-01-21 14:00:00, the stock VC9 opened at 3.90 VND, reached a high of 3.90 VND, a low of 3.90 VND, and closed the hour at 3.90 VND with a trading volume of 100 shares."
2026-01-22 09:00:00,3.8,3.8,3.7,3.7,5000,VC9,"At 2026-01-22 09:00:00, the stock VC9 opened at 3.80 VND, reached a high of 3.80 VND, a low of 3.70 VND, and closed the hour at 3.70 VND with a trading volume of 5,000 shares."
2026-01-22 10:00:00,3.8,3.8,3.8,3.8,100,VC9,"At 2026-01-22 10:00:00, the stock VC9 opened at 3.80 VND, reached a high of 3.80 VND, a low of 3.80 VND, and closed the hour at 3.80 VND with a trading volume of 100 shares."
2026-01-22 11:00:00,3.7,3.7,3.7,3.7,3000,VC9,"At 2026-01-22 11:00:00, the stock VC9 opened at 3.70 VND, reached a high of 3.70 VND, a low of 3.70 VND, and closed the hour at 3.70 VND with a trading volume of 3,000 shares."
2026-01-22 13:00:00,3.8,3.8,3.8,3.8,300,VC9,"At 2026-01-22 13:00:00, the stock VC9 opened at 3.80 VND, reached a high of 3.80 VND, a low of 3.80 VND, and closed the hour at 3.80 VND with a trading volume of 300 shares."
2026-01-22 14:00:00,3.8,3.9,3.8,3.9,700,VC9,"At 2026-01-22 14:00:00, the stock VC9 opened at 3.80 VND, reached a high of 3.90 VND, a low of 3.80 VND, and closed the hour at 3.90 VND with a trading volume of 700 shares."
2026-01-23 10:00:00,3.9,3.9,3.9,3.9,200,VC9,"At 2026-01-23 10:00:00, the stock VC9 opened at 3.90 VND, reached a high of 3.90 VND, a low of 3.90 VND, and closed the hour at 3.90 VND with a trading volume of 200 shares."
2026-01-26 10:00:00,3.8,3.8,3.8,3.8,100,VC9,"At 2026-01-26 10:00:00, the stock VC9 opened at 3.80 VND, reached a high of 3.80 VND, a low of 3.80 VND, and closed the hour at 3.80 VND with a trading volume of 100 shares."
2026-01-27 09:00:00,3.7,3.7,3.7,3.7,200,VC9,"At 2026-01-27 09:00:00, the stock VC9 opened at 3.70 VND, reached a high of 3.70 VND, a low of 3.70 VND, and closed the hour at 3.70 VND with a trading volume of 200 shares."
2026-01-27 10:00:00,3.7,3.7,3.7,3.7,200,VC9,"At 2026-01-27 10:00:00, the stock VC9 opened at 3.70 VND, reached a high of 3.70 VND, a low of 3.70 VND, and closed the hour at 3.70 VND with a trading volume of 200 shares."
2026-01-27 13:00:00,3.7,3.8,3.7,3.8,600,VC9,"At 2026-01-27 13:00:00, the stock VC9 opened at 3.70 VND, reached a high of 3.80 VND, a low of 3.70 VND, and closed the hour at 3.80 VND with a trading volume of 600 shares."
2026-01-28 13:00:00,3.6,3.7,3.6,3.7,2200,VC9,"At 2026-01-28 13:00:00, the stock VC9 opened at 3.60 VND, reached a high of 3.70 VND, a low of 3.60 VND, and closed the hour at 3.70 VND with a trading volume of 2,200 shares."
2026-01-28 14:00:00,3.8,3.8,3.8,3.8,100,VC9,"At 2026-01-28 14:00:00, the stock VC9 opened at 3.80 VND, reached a high of 3.80 VND, a low of 3.80 VND, and closed the hour at 3.80 VND with a trading volume of 100 shares."
2026-01-29 09:00:00,3.9,3.9,3.9,3.9,100,VC9,"At 2026-01-29 09:00:00, the stock VC9 opened at 3.90 VND, reached a high of 3.90 VND, a low of 3.90 VND, and closed the hour at 3.90 VND with a trading volume of 100 shares."
2026-01-30 13:00:00,3.8,3.9,3.8,3.9,200,VC9,"At 2026-01-30 13:00:00, the stock VC9 opened at 3.80 VND, reached a high of 3.90 VND, a low of 3.80 VND, and closed the hour at 3.90 VND with a trading volume of 200 shares."
2026-02-02 09:00:00,3.7,3.9,3.7,3.9,700,VC9,"At 2026-02-02 09:00:00, the stock VC9 opened at 3.70 VND, reached a high of 3.90 VND, a low of 3.70 VND, and closed the hour at 3.90 VND with a trading volume of 700 shares."
2026-02-02 10:00:00,3.8,3.8,3.8,3.8,100,VC9,"At 2026-02-02 10:00:00, the stock VC9 opened at 3.80 VND, reached a high of 3.80 VND, a low of 3.80 VND, and closed the hour at 3.80 VND with a trading volume of 100 shares."
2026-02-04 09:00:00,3.6,3.7,3.6,3.7,600,VC9,"At 2026-02-04 09:00:00, the stock VC9 opened at 3.60 VND, reached a high of 3.70 VND, a low of 3.60 VND, and closed the hour at 3.70 VND with a trading volume of 600 shares."
2026-02-04 10:00:00,3.7,3.7,3.7,3.7,100,VC9,"At 2026-02-04 10:00:00, the stock VC9 opened at 3.70 VND, reached a high of 3.70 VND, a low of 3.70 VND, and closed the hour at 3.70 VND with a trading volume of 100 shares."
2026-02-04 13:00:00,3.7,3.7,3.7,3.7,100,VC9,"At 2026-02-04 13:00:00, the stock VC9 opened at 3.70 VND, reached a high of 3.70 VND, a low of 3.70 VND, and closed the hour at 3.70 VND with a trading volume of 100 shares."
2026-02-05 09:00:00,3.8,3.8,3.8,3.8,100,VC9,"At 2026-02-05 09:00:00, the stock VC9 opened at 3.80 VND, reached a high of 3.80 VND, a low of 3.80 VND, and closed the hour at 3.80 VND with a trading volume of 100 shares."
2026-02-05 13:00:00,3.6,3.7,3.6,3.7,400,VC9,"At 2026-02-05 13:00:00, the stock VC9 opened at 3.60 VND, reached a high of 3.70 VND, a low of 3.60 VND, and closed the hour at 3.70 VND with a trading volume of 400 shares."
2026-02-05 14:00:00,3.7,3.7,3.7,3.7,900,VC9,"At 2026-02-05 14:00:00, the stock VC9 opened at 3.70 VND, reached a high of 3.70 VND, a low of 3.70 VND, and closed the hour at 3.70 VND with a trading volume of 900 shares."
2026-02-06 10:00:00,3.6,3.6,3.6,3.6,500,VC9,"At 2026-02-06 10:00:00, the stock VC9 opened at 3.60 VND, reached a high of 3.60 VND, a low of 3.60 VND, and closed the hour at 3.60 VND with a trading volume of 500 shares."
2026-02-06 11:00:00,3.7,3.7,3.7,3.7,100,VC9,"At 2026-02-06 11:00:00, the stock VC9 opened at 3.70 VND, reached a high of 3.70 VND, a low of 3.70 VND, and closed the hour at 3.70 VND with a trading volume of 100 shares."
2026-02-06 13:00:00,3.7,3.7,3.7,3.7,100,VC9,"At 2026-02-06 13:00:00, the stock VC9 opened at 3.70 VND, reached a high of 3.70 VND, a low of 3.70 VND, and closed the hour at 3.70 VND with a trading volume of 100 shares."
2026-02-09 09:00:00,4.0,4.0,3.8,3.8,400,VC9,"At 2026-02-09 09:00:00, the stock VC9 opened at 4.00 VND, reached a high of 4.00 VND, a low of 3.80 VND, and closed the hour at 3.80 VND with a trading volume of 400 shares."
2026-02-09 11:00:00,3.7,3.7,3.7,3.7,900,VC9,"At 2026-02-09 11:00:00, the stock VC9 opened at 3.70 VND, reached a high of 3.70 VND, a low of 3.70 VND, and closed the hour at 3.70 VND with a trading volume of 900 shares."
2026-02-09 13:00:00,3.7,3.8,3.7,3.8,200,VC9,"At 2026-02-09 13:00:00, the stock VC9 opened at 3.70 VND, reached a high of 3.80 VND, a low of 3.70 VND, and closed the hour at 3.80 VND with a trading volume of 200 shares."
2026-02-10 09:00:00,3.8,3.8,3.8,3.8,1700,VC9,"At 2026-02-10 09:00:00, the stock VC9 opened at 3.80 VND, reached a high of 3.80 VND, a low of 3.80 VND, and closed the hour at 3.80 VND with a trading volume of 1,700 shares."
2026-02-10 10:00:00,3.8,3.9,3.8,3.9,400,VC9,"At 2026-02-10 10:00:00, the stock VC9 opened at 3.80 VND, reached a high of 3.90 VND, a low of 3.80 VND, and closed the hour at 3.90 VND with a trading volume of 400 shares."
2026-02-11 09:00:00,3.8,3.9,3.8,3.9,200,VC9,"At 2026-02-11 09:00:00, the stock VC9 opened at 3.80 VND, reached a high of 3.90 VND, a low of 3.80 VND, and closed the hour at 3.90 VND with a trading volume of 200 shares."
2026-02-11 13:00:00,3.7,3.8,3.7,3.7,6200,VC9,"At 2026-02-11 13:00:00, the stock VC9 opened at 3.70 VND, reached a high of 3.80 VND, a low of 3.70 VND, and closed the hour at 3.70 VND with a trading volume of 6,200 shares."
2026-02-11 14:00:00,3.7,3.8,3.7,3.8,3100,VC9,"At 2026-02-11 14:00:00, the stock VC9 opened at 3.70 VND, reached a high of 3.80 VND, a low of 3.70 VND, and closed the hour at 3.80 VND with a trading volume of 3,100 shares."
2026-02-12 10:00:00,3.8,3.8,3.8,3.8,3200,VC9,"At 2026-02-12 10:00:00, the stock VC9 opened at 3.80 VND, reached a high of 3.80 VND, a low of 3.80 VND, and closed the hour at 3.80 VND with a trading volume of 3,200 shares."
2026-02-12 11:00:00,3.7,3.7,3.7,3.7,500,VC9,"At 2026-02-12 11:00:00, the stock VC9 opened at 3.70 VND, reached a high of 3.70 VND, a low of 3.70 VND, and closed the hour at 3.70 VND with a trading volume of 500 shares."
2026-02-12 13:00:00,3.8,3.8,3.6,3.7,2300,VC9,"At 2026-02-12 13:00:00, the stock VC9 opened at 3.80 VND, reached a high of 3.80 VND, a low of 3.60 VND, and closed the hour at 3.70 VND with a trading volume of 2,300 shares."
2026-02-12 14:00:00,3.8,3.8,3.7,3.8,300,VC9,"At 2026-02-12 14:00:00, the stock VC9 opened at 3.80 VND, reached a high of 3.80 VND, a low of 3.70 VND, and closed the hour at 3.80 VND with a trading volume of 300 shares."
2026-02-13 13:00:00,3.6,3.6,3.6,3.6,200,VC9,"At 2026-02-13 13:00:00, the stock VC9 opened at 3.60 VND, reached a high of 3.60 VND, a low of 3.60 VND, and closed the hour at 3.60 VND with a trading volume of 200 shares."
2026-02-13 14:00:00,3.7,3.8,3.7,3.8,600,VC9,"At 2026-02-13 14:00:00, the stock VC9 opened at 3.70 VND, reached a high of 3.80 VND, a low of 3.70 VND, and closed the hour at 3.80 VND with a trading volume of 600 shares."
2026-02-23 10:00:00,3.9,3.9,3.9,3.9,100,VC9,"At 2026-02-23 10:00:00, the stock VC9 opened at 3.90 VND, reached a high of 3.90 VND, a low of 3.90 VND, and closed the hour at 3.90 VND with a trading volume of 100 shares."
2026-02-23 13:00:00,3.9,3.9,3.9,3.9,1300,VC9,"At 2026-02-23 13:00:00, the stock VC9 opened at 3.90 VND, reached a high of 3.90 VND, a low of 3.90 VND, and closed the hour at 3.90 VND with a trading volume of 1,300 shares."
2026-02-23 14:00:00,3.8,3.9,3.8,3.9,1100,VC9,"At 2026-02-23 14:00:00, the stock VC9 opened at 3.80 VND, reached a high of 3.90 VND, a low of 3.80 VND, and closed the hour at 3.90 VND with a trading volume of 1,100 shares."
2026-02-24 13:00:00,3.8,3.8,3.8,3.8,200,VC9,"At 2026-02-24 13:00:00, the stock VC9 opened at 3.80 VND, reached a high of 3.80 VND, a low of 3.80 VND, and closed the hour at 3.80 VND with a trading volume of 200 shares."
2026-02-25 09:00:00,3.8,3.8,3.8,3.8,1000,VC9,"At 2026-02-25 09:00:00, the stock VC9 opened at 3.80 VND, reached a high of 3.80 VND, a low of 3.80 VND, and closed the hour at 3.80 VND with a trading volume of 1,000 shares."
2026-02-25 11:00:00,3.9,3.9,3.9,3.9,100,VC9,"At 2026-02-25 11:00:00, the stock VC9 opened at 3.90 VND, reached a high of 3.90 VND, a low of 3.90 VND, and closed the hour at 3.90 VND with a trading volume of 100 shares."
2026-02-25 13:00:00,3.7,3.8,3.6,3.8,7300,VC9,"At 2026-02-25 13:00:00, the stock VC9 opened at 3.70 VND, reached a high of 3.80 VND, a low of 3.60 VND, and closed the hour at 3.80 VND with a trading volume of 7,300 shares."
2026-02-26 13:00:00,3.8,3.8,3.8,3.8,30000,VC9,"At 2026-02-26 13:00:00, the stock VC9 opened at 3.80 VND, reached a high of 3.80 VND, a low of 3.80 VND, and closed the hour at 3.80 VND with a trading volume of 30,000 shares."
2026-02-26 14:00:00,3.9,3.9,3.8,3.8,700,VC9,"At 2026-02-26 14:00:00, the stock VC9 opened at 3.90 VND, reached a high of 3.90 VND, a low of 3.80 VND, and closed the hour at 3.80 VND with a trading volume of 700 shares."
2026-02-27 09:00:00,3.9,3.9,3.8,3.8,2800,VC9,"At 2026-02-27 09:00:00, the stock VC9 opened at 3.90 VND, reached a high of 3.90 VND, a low of 3.80 VND, and closed the hour at 3.80 VND with a trading volume of 2,800 shares."
2026-02-27 14:00:00,3.8,3.9,3.8,3.9,5700,VC9,"At 2026-02-27 14:00:00, the stock VC9 opened at 3.80 VND, reached a high of 3.90 VND, a low of 3.80 VND, and closed the hour at 3.90 VND with a trading volume of 5,700 shares."
2026-03-02 09:00:00,3.8,3.8,3.6,3.6,6600,VC9,"At 2026-03-02 09:00:00, the stock VC9 opened at 3.80 VND, reached a high of 3.80 VND, a low of 3.60 VND, and closed the hour at 3.60 VND with a trading volume of 6,600 shares."
2026-03-02 10:00:00,3.7,3.8,3.7,3.8,600,VC9,"At 2026-03-02 10:00:00, the stock VC9 opened at 3.70 VND, reached a high of 3.80 VND, a low of 3.70 VND, and closed the hour at 3.80 VND with a trading volume of 600 shares."
2026-03-03 09:00:00,3.8,3.8,3.8,3.8,2600,VC9,"At 2026-03-03 09:00:00, the stock VC9 opened at 3.80 VND, reached a high of 3.80 VND, a low of 3.80 VND, and closed the hour at 3.80 VND with a trading volume of 2,600 shares."
2026-03-03 10:00:00,3.8,3.8,3.8,3.8,1000,VC9,"At 2026-03-03 10:00:00, the stock VC9 opened at 3.80 VND, reached a high of 3.80 VND, a low of 3.80 VND, and closed the hour at 3.80 VND with a trading volume of 1,000 shares."
2026-03-04 13:00:00,3.7,3.7,3.7,3.7,6900,VC9,"At 2026-03-04 13:00:00, the stock VC9 opened at 3.70 VND, reached a high of 3.70 VND, a low of 3.70 VND, and closed the hour at 3.70 VND with a trading volume of 6,900 shares."
2026-03-05 09:00:00,3.9,3.9,3.9,3.9,100,VC9,"At 2026-03-05 09:00:00, the stock VC9 opened at 3.90 VND, reached a high of 3.90 VND, a low of 3.90 VND, and closed the hour at 3.90 VND with a trading volume of 100 shares."
2026-03-05 14:00:00,3.7,3.7,3.7,3.7,100,VC9,"At 2026-03-05 14:00:00, the stock VC9 opened at 3.70 VND, reached a high of 3.70 VND, a low of 3.70 VND, and closed the hour at 3.70 VND with a trading volume of 100 shares."
2026-03-06 09:00:00,3.7,3.8,3.7,3.8,200,VC9,"At 2026-03-06 09:00:00, the stock VC9 opened at 3.70 VND, reached a high of 3.80 VND, a low of 3.70 VND, and closed the hour at 3.80 VND with a trading volume of 200 shares."
2026-03-09 09:00:00,3.7,3.7,3.6,3.7,300,VC9,"At 2026-03-09 09:00:00, the stock VC9 opened at 3.70 VND, reached a high of 3.70 VND, a low of 3.60 VND, and closed the hour at 3.70 VND with a trading volume of 300 shares."
2026-03-09 10:00:00,3.6,3.7,3.5,3.7,2600,VC9,"At 2026-03-09 10:00:00, the stock VC9 opened at 3.60 VND, reached a high of 3.70 VND, a low of 3.50 VND, and closed the hour at 3.70 VND with a trading volume of 2,600 shares."
2026-03-09 11:00:00,3.6,3.7,3.6,3.7,400,VC9,"At 2026-03-09 11:00:00, the stock VC9 opened at 3.60 VND, reached a high of 3.70 VND, a low of 3.60 VND, and closed the hour at 3.70 VND with a trading volume of 400 shares."
2026-03-09 13:00:00,3.6,3.7,3.6,3.7,1100,VC9,"At 2026-03-09 13:00:00, the stock VC9 opened at 3.60 VND, reached a high of 3.70 VND, a low of 3.60 VND, and closed the hour at 3.70 VND with a trading volume of 1,100 shares."
2026-03-09 14:00:00,3.7,3.8,3.7,3.8,300,VC9,"At 2026-03-09 14:00:00, the stock VC9 opened at 3.70 VND, reached a high of 3.80 VND, a low of 3.70 VND, and closed the hour at 3.80 VND with a trading volume of 300 shares."
2026-03-10 13:00:00,3.7,3.8,3.7,3.8,6900,VC9,"At 2026-03-10 13:00:00, the stock VC9 opened at 3.70 VND, reached a high of 3.80 VND, a low of 3.70 VND, and closed the hour at 3.80 VND with a trading volume of 6,900 shares."
2026-03-11 09:00:00,3.9,3.9,3.9,3.9,100,VC9,"At 2026-03-11 09:00:00, the stock VC9 opened at 3.90 VND, reached a high of 3.90 VND, a low of 3.90 VND, and closed the hour at 3.90 VND with a trading volume of 100 shares."
2026-03-11 11:00:00,3.6,3.6,3.6,3.6,200,VC9,"At 2026-03-11 11:00:00, the stock VC9 opened at 3.60 VND, reached a high of 3.60 VND, a low of 3.60 VND, and closed the hour at 3.60 VND with a trading volume of 200 shares."
2026-03-11 13:00:00,3.7,3.8,3.7,3.8,200,VC9,"At 2026-03-11 13:00:00, the stock VC9 opened at 3.70 VND, reached a high of 3.80 VND, a low of 3.70 VND, and closed the hour at 3.80 VND with a trading volume of 200 shares."
2026-03-11 14:00:00,3.8,3.8,3.8,3.8,200,VC9,"At 2026-03-11 14:00:00, the stock VC9 opened at 3.80 VND, reached a high of 3.80 VND, a low of 3.80 VND, and closed the hour at 3.80 VND with a trading volume of 200 shares."
2026-03-12 09:00:00,3.6,3.7,3.6,3.7,1600,VC9,"At 2026-03-12 09:00:00, the stock VC9 opened at 3.60 VND, reached a high of 3.70 VND, a low of 3.60 VND, and closed the hour at 3.70 VND with a trading volume of 1,600 shares."
2026-03-12 10:00:00,3.7,3.7,3.7,3.7,100,VC9,"At 2026-03-12 10:00:00, the stock VC9 opened at 3.70 VND, reached a high of 3.70 VND, a low of 3.70 VND, and closed the hour at 3.70 VND with a trading volume of 100 shares."
2026-03-12 11:00:00,3.7,3.8,3.7,3.8,300,VC9,"At 2026-03-12 11:00:00, the stock VC9 opened at 3.70 VND, reached a high of 3.80 VND, a low of 3.70 VND, and closed the hour at 3.80 VND with a trading volume of 300 shares."
2026-03-13 10:00:00,3.8,3.8,3.8,3.8,1600,VC9,"At 2026-03-13 10:00:00, the stock VC9 opened at 3.80 VND, reached a high of 3.80 VND, a low of 3.80 VND, and closed the hour at 3.80 VND with a trading volume of 1,600 shares."
2026-03-16 13:00:00,3.8,3.8,3.8,3.8,200,VC9,"At 2026-03-16 13:00:00, the stock VC9 opened at 3.80 VND, reached a high of 3.80 VND, a low of 3.80 VND, and closed the hour at 3.80 VND with a trading volume of 200 shares."
2026-03-17 09:00:00,3.8,3.8,3.8,3.8,1000,VC9,"At 2026-03-17 09:00:00, the stock VC9 opened at 3.80 VND, reached a high of 3.80 VND, a low of 3.80 VND, and closed the hour at 3.80 VND with a trading volume of 1,000 shares."
2026-03-17 10:00:00,3.7,3.7,3.7,3.7,300,VC9,"At 2026-03-17 10:00:00, the stock VC9 opened at 3.70 VND, reached a high of 3.70 VND, a low of 3.70 VND, and closed the hour at 3.70 VND with a trading volume of 300 shares."
2026-03-17 13:00:00,3.8,3.8,3.8,3.8,100,VC9,"At 2026-03-17 13:00:00, the stock VC9 opened at 3.80 VND, reached a high of 3.80 VND, a low of 3.80 VND, and closed the hour at 3.80 VND with a trading volume of 100 shares."
2026-03-18 09:00:00,3.7,3.7,3.7,3.7,2000,VC9,"At 2026-03-18 09:00:00, the stock VC9 opened at 3.70 VND, reached a high of 3.70 VND, a low of 3.70 VND, and closed the hour at 3.70 VND with a trading volume of 2,000 shares."
2026-03-18 13:00:00,3.8,3.8,3.8,3.8,100,VC9,"At 2026-03-18 13:00:00, the stock VC9 opened at 3.80 VND, reached a high of 3.80 VND, a low of 3.80 VND, and closed the hour at 3.80 VND with a trading volume of 100 shares."
2026-03-19 09:00:00,3.8,3.8,3.8,3.8,200,VC9,"At 2026-03-19 09:00:00, the stock VC9 opened at 3.80 VND, reached a high of 3.80 VND, a low of 3.80 VND, and closed the hour at 3.80 VND with a trading volume of 200 shares."
2026-03-19 13:00:00,3.8,3.8,3.8,3.8,3000,VC9,"At 2026-03-19 13:00:00, the stock VC9 opened at 3.80 VND, reached a high of 3.80 VND, a low of 3.80 VND, and closed the hour at 3.80 VND with a trading volume of 3,000 shares."
2026-03-20 09:00:00,3.8,3.8,3.7,3.8,13000,VC9,"At 2026-03-20 09:00:00, the stock VC9 opened at 3.80 VND, reached a high of 3.80 VND, a low of 3.70 VND, and closed the hour at 3.80 VND with a trading volume of 13,000 shares."
2026-03-20 10:00:00,3.7,3.7,3.6,3.7,10100,VC9,"At 2026-03-20 10:00:00, the stock VC9 opened at 3.70 VND, reached a high of 3.70 VND, a low of 3.60 VND, and closed the hour at 3.70 VND with a trading volume of 10,100 shares."
2026-03-20 14:00:00,3.6,3.7,3.6,3.7,9700,VC9,"At 2026-03-20 14:00:00, the stock VC9 opened at 3.60 VND, reached a high of 3.70 VND, a low of 3.60 VND, and closed the hour at 3.70 VND with a trading volume of 9,700 shares."
